11429410
1142941016372761
163727619956273
99562738578013
857801316312741
1631274111152007
1115200710773516
1077351614821545
148215458575567
857556713838185
138381858092827
809282714237393
1423739314754312
147543127897996
789799612553781
1255378112474061
1247406117116068
1711606810917061
109170617579098
75790986127090
612709018771626
1877162615339960
1533996015776152
1577615210181791
1018179116120460
1612046018776134
1877613417262528
172625289244916
924491612223706
122237063915427
391542713515089
1351508912605266
126052668508290
850829011911956
119119566346734
634673415506886
1550688616907674
1690767415044989
150449896202509
62025098891236
88912369916321
99163219187771
918777115771463
157714635136653
513665310325112
103251126462984
646298411895555
118955558532498
853249816420104
1642010417101929
171019299711209
97112099649973
96499739159832
91598325345894
534589413147118
1314711818169333
1816933311838283
1183828312415818
1241581817928873
179288735463927
546392713370215
1337021516144338
161443389788487
97884874023913
40239138599043
85990439382870
93828708129126
81291268379431
83794318007395
800739513198544
131985445980322
59803229272417
927241715446031
154460318100282
81002829333577
933357711151931
111519319077153
90771534585778
45857788506512
85065129828232
982823213209728
1320972812860425
128604259920947
992094712989216
1298921614454785
1445478517061599
1706159910310029
1031002915996368
1599636810339213
1033921311329041
113290416686895
668689510835486
1083548617505194
175051947768343
77683438073630
80736307851126
78511263898634
38986346385122
63851225160401
51604019079698
907969810819167
1081916712208862
122088624638477
463847717583411
175834117949670
79496708012427
801242715326959
1532695910628070
1062807011947099
119470999484902
948490214377372
143773726444168
64441689881367
988136714168411
1416841112258198
1225819812098023
1209802312302654
123026543352610
335261011575180
115751807131861
713186113814759
1381475911364545
1136454514928547
149285479788512
97885128942581
894258110021995
100219959210528
921052811180664
1118066411491361
114913619169252
916925216202824
162028247215685
721568512698165
1269816511238176
1123817611012476
110124767790211
77902117618178
761817812520160
1252016011246435
1124643511544788
1154478810397602
103976026386797
63867978106249
810624912943737
1294373711173468
111734686511527
65115279624993
962499314090095
140900958458869
845886915094597
1509459713709303
1370930313945185
1394518514056255
1405625515855214
1585521411248572
112485727845506
784550615621785
156217857290230
729023012714254
1271425418724218
1872421812167459
1216745912404807
1240480717085292
170852927387026
73870268920884
892088415372229
153722297185017
718501714428820
1442882015284637
1528463712195190
1219519011556210
1155621012235934
1223593410420874
1042087413335411
1333541111105785
1110578517677100
1767710011288184
1128818416393367
1639336716506358
165063587027946
70279469641878
964187817626252
176262522621892
262189210755159
1075515914558634
1455863410755300
107553007516005
751600512826075
1282607511289066
1128906615430550
1543055012924616
129246167110818
71108186133132
613313214950797
149507973703219
37032196848733
68487333970681
397068116878534
1687853414436228
1443622810454150
1045415010095001
1009500115805774
1580577411823840
1182384015706627
1570662714059387
140593879557752
955775210038155
1003815515708881
1570888111979044
1197904411264842
1126484212085896
120858965372049
53720495189233
51892336194760
61947606238365
62383655945583
594558314673528
1467352811758110
117581104686620
46866208504220
850422012893823
1289382312672710
1267271012370800
1237080011350712
1135071211725642
1172564216322043
163220439473165
947316515608842
1560884212543460
1254346010103349
101033498940180
89401805170296
517029614016079
1401607912600849
126008497019119
701911910798337
107983379659274
965927417767681
1776768114601623
146016237866948
786694811726369
117263698891692
88916927721995
77219952309289
230928910024924
1002492413419933
134199338460254
846025411385882
113858828129319
812931910598569
1059856912356281
123562814230782
423078212442072
1244207210026783
1002678310829894
108298949106216
91062169828033
98280339359358
935935811838304
118383042415304
241530410916875
1091687511063108
1106310813150532
131505324605221
460522112841674
128416745649289
564928914521986
145219867687242
768724210488077
1048807710228208
102282089170060
91700606485317
64853174825432
48254325055857
505585716357252
163572523097531
309753114585899
1458589912186754
121867548579083
857908313590940
135909405715040
57150409795321
97953219063836
90638369561874
95618744393688
439368813839034
138390348322687
832268712373930
123739307390490
73904905134016
513401611970352
1197035213250898
1325089815181934
1518193412907547
129075478747680
87476809749166
974916611343467
113434676058433
60584339717263
971726316731171
1673117111118959
111189598748845
874884510985813
1098581310148958
1014895813125557
1312555715933138
1593313816599776
165997766561233
656123313600226
1360022614919320
1491932013355097
1335509713798899
137988997289148
728914811030705
110307059258311
92583119096859
909685911884139
1188413918187310
1818731011609535
1160953510180179
101801793921806
392180610353344
1035334416318776
163187768411870
841187013551140
135511403898884
389888415501132
1550113213013285
1301328514927770
1492777014625500
146255009557829
95578297951193
79511937037153
703715314480958
144809586890476
689047614298266
1429826610911491
109114917281045
728104510980968
1098096811917183
1191718314838394
1483839411107048
111070489437105
94371053242549
32425499899347
98993475281657
528165715300083
1530008313930224
139302249248777
92487776167050
61670503141918
314191816617999
1661799912246575
122465755922178
59221788022743
802274311700226
117002263300804
330080412084958
120849588504124
85041246559565
65595657197168
71971689059399
90593999472069
94720699982679
99826797296018
72960184767355
476735515961095
159610954523796
45237966741196
674119612277550
122775506658362
665836215733701
1573370112436720
124367206489098
64890985293151
529315111270392
1127039212490317
1249031710488120
104881204908338
490833812256615
1225661511003714
1100371417562549
175625498096423
80964236963001
69630018285628
828562814758487
1475848718089456
1808945611504931
115049319459600
94596005830577
583057711678745
116787453957889
39578896067640
606764012308561
1230856112956573
1295657316753057
1675305713715332
1371533213119926
1311992613298914
132989143109876
310987614000573
1400057311837108
1183710818179184
181791848174081
817408111210214
1121021410537522
1053752216318447
1631844712337098
123370986506931
650693118491653
1849165310761528
107615284445262
444526213071281
1307128112629164
1262916412212535
1221253511234820
1123482016750746
1675074612864582
128645826856062
685606210140547
1014054713115819
131158196216322
62163226913533
691353313779892
137798929359695
935969512710074
1271007414897851
1489785111695065
1169506511264753
1126475310839419
1083941913179550
131795508486365
84863658114534
81145347644531
764453111580004
115800048257215
825721511123052
111230529865164
986516412406412
1240641214224346
1422434611918515
119185156876018
687601810421706
104217065043623
50436239365331
936533117540971
175409719614473
961447313380172
1338017211368046
1136804612685206
1268520615481414
154814144191001
419100114553443
145534439260050
926005010555890
105558909103240
910324010483116
104831168008632
800863210830318
1083031811790590
1179059012357513
123575133168324
31683249072882
907288217034420
170344208032453
80324538715785
87157857109573
71095739221505
92215059479146
94791467626882
76268827667127
766712718889679
188896799052540
90525409100593
910059312071446
1207144615998307
1599830710587672
105876726636405
663640514100508
141005087764035
776403518899757
1889975713940130
139401308411764
841176413534262
135342629387333
93873339489687
94896877235757
72357577294290
729429012302484
123024848483205
848320510989763
109897634726105
472610513187115
131871159000098
90000983705298
37052987719744
77197447512779
75127796893073
68930739026429
902642915287677
1528767713475889
134758899159164
915916413317888
133178887002039
700203910526526
1052652610162721
101627217387729
738772913774441
137744415542783
554278313899615
1389961514635919
146359199387143
938714311267744
112677449464990
946499018602691
1860269110960572
1096057211942918
1194291817428559
174285599599604
959960412345564
123455646079790
60797906743143
67431435994671
599467115345952
1534595212692013
1269201319123419
191234199100689
910068911043635
1104363512338236
123382365049222
504922210399877
1039987714790616
147906169061503
906150312959471
129594718939236
893923612722735
127227358224499
822449910718962
107189625607992
56079922815821
281582110253502
1025350213802512
1380251214869741
1486974113760289
137602897174781
71747817274571
727457112020952
1202095212939387
1293938713259843
132598438315795
83157959790977
979097710382696
1038269610926161
109261617740182
774018210925716
1092571613226069
132260698226726
82267268692421
86924217733015
773301512723771
1272377112454524
124545248917829
89178295801817
58018176057569
605756914086082
1408608218505067
185050677096059
70960599256786
925678616053228
160532287437858
743785810787983
1078798310912875
109128757236205
723620513898927
1389892712632600
1263260016278965
162789656959927
695992713879289
138792896600742
66007426321552
632155215840112
1584011213717925
1371792517293542
172935429618811
96188118214035
821403515161264
1516126410653860
1065386016784586
1678458613459140
134591409556075
955607513561896
1356189611540883
115408838445142
844514212848420
1284842017452992
1745299212010851
1201085113789455
1378945511889524
1188952419153559
1915355911854033
1185403310187729
1018772910893514
108935146829536
682953611200847
112008477217379
721737911329062
1132906210513633
1051363310821352
108213527331587
733158712976663
129766635824111
582411110007381
100073816659380
665938014070964
140709648025164
802516412131994
1213199411400299
1140029915225260
152252604738227
473822711202729
112027298408200
840820010197657
1019765711551403
1155140315640860
156408607672333
767233316419413
1641941310874798
1087479814272858
1427285811540088
115400889806827
980682712111175
121111758384810
838481010817016
108170167938874
79388748777114
877711415328603
153286035671596
56715966547390
65473909420413
942041314017810
1401781011681104
1168110413160193
1316019311071295
1107129516535382
1653538212092273
1209227316808536
1680853612963549
1296354917276635
172766358234701
82347017600021
760002115524622
155246229295604
929560412086166
1208616610956736
1095673611843092
118430927505830
75058306262049
62620497302307
730230711852579
1185257913720549
1372054911039643
110396435317956
53179568736116
873611613866155
138661557150787
715078713170835
1317083510031376
100313768444604
844460411732978
1173297811512901
115129018943370
894337015640648
156406489199875
919987513745119
1374511910434104
104341046662107
666210714536824
1453682417529177
175291778866159
88661597961260
79612606759092
67590928575911
85759117936900
793690012372113
1237211313713734
137137346235121
623512112973711
1297371113415346
1341534614574625
145746259620625
962062512817785
1281778515715285
157152859580289
958028914913266
1491326616360366
1636036612015495
120154955733724
57337248778171
877817116148122
161481226084163
608416312184789
121847894124172
412417211078716
110787165319559
531955911130272
111302728588187
85881877322988
732298811773330
1177333016384300
1638430016905519
169055193795927
379592710292837
102928374313725
43137259694906
969490611586052
115860525945262
59452628003849
80038499684554
968455418870626
1887062614361332
143613328522783
85227839943384
994338413061705
1306170511350304
1135030412458530
1245853010536689
105366898699801
869980110712520
1071252010317751
1031775115836410
158364105700129
570012914334572
143345724224104
422410415256682
1525668215902171
1590217114305350
1430535017965665
1796566512398728
1239872815796385
157963855338229
533822914238048
142380488497809
849780914755150
1475515012191675
121916756067632
60676326355310
63553109219812
921981213037815
1303781510763888
1076388814006883
1400688315910382
1591038213153751
1315375112862258
1286225813503146
1350314611965797
119657977254500
725450010107074
1010707410093431
1009343111210840
1121084010111308
1011130812363625
1236362513196402
1319640215274474
152744749092557
909255718837346
1883734614208358
1420835812369448
123694489647832
96478327619058
76190586584174
658417412470191
1247019110705731
107057317999582
79995823233779
32337794073211
407321114092388
1409238811989735
1198973514828548
1482854813992557
139925576340720
634072018881080
188810809364695
93646959495727
949572712491395
124913957848695
78486957051031
705103112284432
1228443214574745
1457474514857728
148577285966244
596624415146082
1514608211512912
1151291213650199
1365019910054592
1005459213802727
1380272716498467
1649846712383538
1238353811307700
113077009968081
99680817295632
729563215480984
154809846071769
607176911775255
1177525514990202
1499020210724870
107248706760462
676046213974335
1397433517605504
1760550410513371
1051337110301735
1030173512326467
1232646714874171
148741716974395
697439511481973
1148197313737724
137377245527073
552707317491132
174911326659394
66593947550846
755084611747349
1174734910072366
1007236616073857
1607385713010157
1301015716455397
1645539716114670
161146703126619
312661913781420
137814207728637
772863712521421
1252142115220644
1522064410654940
1065494012390393
1239039313408514
1340851411869283
118692835220992
522099215242637
152426375413398
54133988317099
831709910371405
1037140511583766
1158376610558181
1055818112852957
1285295712277590
1227759011999157
1199915710577818
1057781812863651
1286365113978864
139788649771814
977181416658151
1665815114985896
1498589613386420
1338642011341709
1134170911033800
1103380015216991
1521699111477562
1147756215511819
1551181910343387
1034338711489369
114893698842460
88424608499998
84999987279773
72797739605871
96058718646729
86467296243600
624360012931578
1293157810374935
1037493513475085
1347508512149993
1214999318302581
183025814981231
498123114751928
1475192812925092
129250929753874
97538744464421
44644218424119
842411914943161
1494316115493660
1549366013002284
1300228411540125
115401255938777
593877713793285
137932852675171
267517117701315
177013157209231
72092319731011
97310116845240
684524013960615
139606159749637
97496379427186
942718612507509
125075099588335
95883354593688
459368810231386
1023138612193502
121935028956474
895647413031983
1303198312966874
1296687417081046
170810464925396
492539614411347
1441134717034507
1703450713140833
131408336193450
619345011740764
1174076412072865
120728658820042
882004212567033
1256703311713348
1171334811089081
110890819967494
99674949989607
99896077608441
76084418499431
849943112568735
1256873512632055
1263205518326154
1832615414775878
147758785178898
517889811131133
111311339879801
987980116628991
166289915853071
58530718252919
82529198896487
889648713330372
133303729309250
930925013444027
1344402713495461
1349546117247442
1724744211324247
1132424713482299
134822996950876
695087613384323
133843238517459
851745915909362
159093627323103
732310314121928
141219289632164
963216410408125
1040812512785454
1278545413035257
1303525710901019
109010194531623
453162313331611
1333161112725513
1272551310774788
1077478810235643
1023564311096384
110963847801440
780144014524547
1452454714498193
144981939399158
939915814101404
141014048050677
80506777275549
72755499134681
913468111537439
115374399789167
978916711809655
118096557190827
71908274629927
46299278750261
87502615302275
530227512902845
129028457675679
767567912806965
128069653559910
35599105555000
555500015766839
1576683916750982
167509829074968
90749688678294
867829413685466
1368546613120118
1312011811141594
1114159414259821
142598216540543
654054314255123
142551239657563
965756312321572
1232157215865795
158657957769620
776962010307402
1030740213661838
1366183810599202
1059920213294399
132943996547218
65472187649473
76494734232928
423292813511789
135117898728035
87280358980697
898069710946670
109466709961726
996172613557945
1355794511052450
110524507448694
74486947999076
799907611848108
1184810816368425
163684253544360
35443609319711
931971111425754
114257544097192
409719217926630
1792663012023994
120239949702821
970282110130433
1013043310923298
1092329811587049
1158704914162853
141628532840885
284088511628627
116286278232284
82322847691477
769147710565432
1056543215949029
1594902910103915
1010391510397176
1039717612832979
128329798903216
890321612133722
1213372212546302
1254630212304337
1230433713194558
131945589288906
928890610761028
107610287094244
70942449243708
924370811571631
1157163111060474
110604745333531
53335318187744
818774417057240
170572405063571
50635718781686
878168616158534
1615853416022968
1602296813559359
1355935916092955
160929559678770
96787709200027
92000277110845
71108457037074
70370748954170
89541708399596
839959617468596
1746859615220503
1522050311145312
1114531214783424
147834245410679
54106795122283
512228313101222
1310122218537248
1853724810062096
1006209611640967
1164096710754169
1075416915285902
1528590210617538
1061753811602760
1160276013122477
131224775894809
58948098900256
890025610962619
109626197266767
726676711881033
1188103312625802
1262580211216684
1121668417214438
1721443815782176
1578217612660872
126608727256873
725687312227101
122271018326059
832605915604136
156041364665729
46657298359914
835991413583236
1358323611625174
116251744234135
423413510918066
1091806617729092
1772909210750342
1075034211595468
115954688349589
834958913468109
1346810911204069
112040697611629
76116293781304
37813044339146
433914610143543
1014354310294889
1029488912421272
1242127214685623
146856239607008
96070082177275
21772755990608
599060813853652
1385365213866283
1386628316383285
1638328511678854
116788548190465
819046515056197
150561977302989
730298914122190
1412219010323920
1032392013548416
135484166645666
664566612689668
126896689473444
947344418484025
1848402511553530
1155353016134971
161349718058830
805883013539636
1353963612912456
1291245612316080
123160809364160
936416014549721
1454972115004207
150042078373906
837390610727592
1072759214458004
1445800412952137
129521375269168
52691686157871
615787113337294
133372947760161
776016110590666
1059066613764612
1376461210666989
106669894096701
409670112421359
1242135913223900
1322390014619479
1461947911633007
116330079392558
93925589214897
92148975949324
59493248871999
887199919022522
190225224855761
485576117560126
1756012612472139
1247213910584078
1058407813086407
130864076394158
63941589949876
994987612327417
1232741714710351
147103518067192
80671928491629
849162915471929
1547192911020042
1102004212431760
1243176011015227
1101522712245712
1224571214809049
1480904912497744
1249774410069697
1006969713844096
1384409615024543
1502454310425420
104254209302900
93029007712650
771265016577342
165773429994890
999489017932520
1793252014756560
1475656012368887
1236888712767448
1276744814347183
1434718315949787
1594978713968668
1396866810051734
1005173415629426
1562942612724147
127241474151911
41519119780999
97809998363513
83635132664570
266457010952666
109526667947218
794721812270508
1227050810013307
100133078274018
827401811732678
117326788123742
81237428688489
868848915725275
1572527516203253
1620325312075937
1207593714614753
146147534520092
452009217716796
1771679611849549
118495497326041
732604112510343
125103438058724
80587248003811
80038114071054
407105413904850
1390485011547969
1154796911817140
118171409332329
93323296630782
663078213838288
1383828814438315
144383158692403
869240311840830
1184083011546145
1154614510477616
104776169290718
92907184861339
486133912214585
1221458511643911
1164391117112621
1711262111717921
1171792110873731
1087373111190816
1119081616602351
166023519636397
963639713224242
1322424215519960
155199606447579
644757911697436
116974363255329
32553298465198
846519813043317
130433178013582
801358214719829
1471982918731328
187313287625084
76250848466365
84663654823280
48232808741732
874173213316392
133163924222074
422207416504924
1650492412771498
1277149813702010
1370201015128249
1512824913278502
1327850215097101
150971016704317
67043174362843
436284311730422
1173042210009741
1000974110709477
1070947712856361
1285636115067723
1506772311898318
1189831813980167
139801677551442
755144210776528
107765289845801
984580112496675
124966757839524
783952412326288
123262889128889
912888910355749
103557498712269
871226914998170
1499817013118065
1311806511516282
1151628214568920
1456892013952202
139522029669028
966902815621791
1562179113796264
1379626410907407
109074079782596
978259614842165
148421653942536
394253614858922
148589227936232
793623210551241
105512414307528
430752812268647
1226864714158423
141584236191898
619189811890754
1189075410001305
100013059816214
981621415043106
1504310610940343
109403438074891
807489114383516
143835166748656
674865613183959
1318395913388285
133882856700454
670045410379277
103792776780150
67801509167616
916761612534630
125346308715445
871544514380858
1438085811893074
1189307417266940
172669409429605
942960514919316
1491931613673931
1367393113194234
131942346844180
684418010273017
1027301717742572
177425728036298
80362987208022
720802213663907
1366390718745890
1874589013683453
136834539901711
99017118377550
837755013625986
1362598610242233
1024223312300331
123003318853229
88532295871021
587102113704937
1370493710990300
109903009688411
96884116053575
605357515048787
1504878711376115
1137611511097976
110979764551397
455139710780684
107806845139582
513958211885187
1188518715199516
1519951613499161
1349916111136696
1113669615199724
1519972411432542
1143254210262878
1026287812298593
122985937877769
78777699342015
93420154363055
436305512831065
128310658878660
887866010418638
1041863817546566
175465665363065
536306513891768
1389176811257126
1125712614286727
1428672717080513
1708051319271574
192715746056840
605684012176640
121766407693828
76938283312491
331249110865894
108658946280726
62807268542497
854249712003047
1200304713314432
133144325684987
56849876171691
61716919042940
904294016787659
1678765916160118
1616011812423735
124237357856461
78564616373035
63730357176072
717607218459600
1845960012117413
121174139636874
963687412290204
1229020413822170
1382217011197086
1119708611832502
1183250211225117
1122511711824306
1182430618017702
1801770215530951
155309518626943
862694310302006
1030200612643511
1264351114503245
145032456657548
665754817716659
177166595501728
550172813188287
131882877245161
72451619828811
98288119735251
973525115364808
153648087957704
795770413999977
139999778524708
85247085987384
59873848992666
89926665664088
566408816362955
163629558799834
879983414225250
1422525015611123
1561112313188341
1318834113992324
139923247701029
770102911853919
1185391910250305
1025030511747416
1174741610576453
105764535695212
569521214347132
1434713212297015
1229701513005464
1300546414121445
1412144516129119
1612911917400758
174007588672872
86728729794464
979446414490642
1449064218750424
1875042410259220
1025922012276772
1227677211584320
115843204534359
453435915421584
154215848007480
80074806587356
65873569054038
90540388347888
834788810957216
109572169054838
90548388693973
869397311280285
1128028510720056
107200565086974
508697410212912
1021291213224745
132247458863263
886326311379765
113797658204716
82047164201827
420182717039422
170394227794594
77945948176089
81760895259450
525945012022452
1202245211475129
1147512914048480
1404848012152403
1215240315397930
1539793013736962
1373696213225370
1322537012506350
1250635010222486
102224867950553
79505537709758
770975810483404
104834046847557
68475575682729
56827296407508
640750815671367
156713676996344
69963449955114
99551146768617
676861713070414
130704147913087
791308711152400
1115240013150339
1315033911475652
1147565217974677
1797467711986146
1198614610412917
104129177457774
745777413275084
1327508414155073
1415507318576834
1857683411689551
1168955110038664
1003866417304801
1730480113921972
139219727220011
72200115763371
57633718403847
840384717592429
1759242911165029
111650298000981
800098113067787
130677874395116
439511613335142
1333514212632068
1263206810606783
1060678314005578
1400557812106012
121060124580569
45805696501733
65017333230585
323058512887038
1288703810997783
109977839041920
904192012533426
125334269842339
984233912430522
1243052210228289
1022828914953783
149537838385115
838511516281699
162816997710425
771042513439947
1343994715084146
150841467678095
767809514914857
1491485714009694
1400969418566357
1856635716862818
1686281810234979
102349795695750
56957508606043
860604310183131
1018313112100774
121007748721824
872182412812853
128128538435818
843581812566082
125660826924461
692446116664133
166641337492132
749213215463334
1546333414071197
1407119715075261
1507526114566356
1456635614354241
143542417585981
758598113907316
139073169265780
92657807781205
77812059157333
915733311451855
114518558425925
84259256181758
618175812228667
122286678510711
85107116303216
630321611752778
117527782235103
22351037477953
747795310862799
1086279911923464
1192346415481130
154811307001239
700123914740271
1474027116735265
1673526514538701
145387014306053
43060539416105
94161056659017
665901711113149
1111314911064557
1106455713991453
139914535830518
583051816477611
164776112750682
27506826110719
611071915459525
1545952515880081
158800817985465
798546512655980
126559804077788
40777888886167
88861678742630
874263013509400
135094006968822
696882218918477
1891847716179976
161799765831662
583166216108936
161089368775217
87752176563081
656308117386631
1738663110666679
1066667911736136
1173613613401073
1340107316898428
168984286144339
61443396815114
68151144100323
41003236916491
69164919994473
999447310830374
108303747665206
766520610821013
1082101317453367
1745336717103156
1710315610984761
1098476111885819
118858195976071
597607113368426
133684266780825
678082515681133
156811337646322
76463229205741
92057417766918
776691811489972
1148997210667792
1066779210571121
1057112112156759
1215675912614391
1261439114422828
1442282811797768
1179776810453603
104536039612840
96128408022886
80228867260699
726069911488664
114886647282517
728251717148202
1714820212429341
124293419457264
945726411417492
1141749215997295
159972958686758
868675812254243
1225424310684265
1068426515149276
1514927613810918
1381091810298405
1029840513225070
1322507010845453
108454539937807
993780713543896
1354389613844147
1384414710047451
1004745113691222
136912228664618
86646188766710
876671014330306
143303066870030
68700302538883
253888312941321
1294132111716777
1171677717056403
1705640311798606
1179860611350028
1135002817883348
178833489964264
996426411399360
113993607752033
77520332527826
252782616272311
1627231110371137
103711374814815
481481515342191
1534219113921952
1392195213898262
1389826211717026
117170268361021
83610219404664
94046645853497
585349713236923
132369235134215
513421511051197
1105119714835446
148354465447026
544702610289499
1028949911681482
116814827142637
714263710772282
107722826718688
67186887028075
702807518648502
186485026338599
633859911338092
1133809214968190
149681907540918
754091812533174
1253317415202201
152022018522167
852216714902973
1490297311261493
112614936094504
60945049503646
950364613224214
132242149473575
947357514190611
1419061111237224
1123722412834845
1283484511464185
1146418515058088
150580889484378
948437814528916
1452891615222178
1522217814180599
1418059913758141
1375814110186161
101861619182781
918278113724375
1372437514029407
1402940718486993
184869937161405
716140510955933
1095593315738731
157387314182301
41823019917816
991781612063387
120633876632393
66323937353882
735388212176572
1217657210090643
1009064310203733
1020373310017049
100170499769647
97696479478872
947887217676731
1767673114668886
1466888613651726
1365172611303404
113034047122573
712257313918103
1391810310146443
1014644315466918
154669183653125
365312511348141
1134814111123635
1112363516932371
1693237110094486
1009448614714371
1471437115125476
1512547616357517
1635751710208647
102086473558706
35587067961288
796128810571956
1057195612760268
1276026812191463
121914638668350
86683508588373
858837311570042
1157004212748990
1274899017853120
178531206688491
66884912957990
295799019365102
1936510212834653
128346538458471
84584716216863
62168637158026
71580269124745
912474512224806
122248069410240
941024016040293
1604029312922851
129228518400983
840098312875698
128756986875803
687580312001319
1200131914727363
1472736311026418
110264187996185
79961859489542
948954215034060
1503406012378975
123789758748784
874878413396517
1339651711692622
116926228367877
836787712837648
1283764815597249
1559724915240517
152405176134281
613428113516306
135163066036580
603658013347651
133476519829490
98294909998268
99982685673550
56735507255572
725557215395810
153958106177104
617710417955846
179558467709608
770960810796152
1079615212924570
1292457017203545
1720354512795081
1279508113141607
1314160714492606
1449260610946477
1094647712621599
1262159916042022
160420227816506
781650612119371
1211937115581165
1558116513790205
137902059795759
979575910191769
1019176914959674
1495967410385444
1038544413961211
1396121113769252
1376925217045572
170455726955551
695555114024884
1402488413790765
137907659978938
99789389781148
97811482632474
263247410335223
1033522315569058
1556905812408974
124089746060881
60608819090684
909068410301991
1030199118027843
1802784311790609
1179060918045619
1804561911622869
1162286910519891
105198917005207
700520718018151
180181518500410
850041012170301
121703015750742
575074211740287
117402877374983
737498311423341
114233415982629
598262911805166
1180516610125733
101257335322745
53227456004513
600451314734905
147349059572734
95727345770636
577063614718400
147184008004146
800414611532410
115324104290004
429000411910312
119103129210232
921023212519731
1251973112251217
1225121712329506
1232950613580939
1358093911522868
1152286810200304
102003046555937
65559377748150
774815014516715
1451671512511339
1251133911068626
110686264993618
499361815270401
152704015161069
51610695451616
545161611519697
1151969710876442
108764427388692
73886923465805
34658056360169
636016913188075
131880758080332
80803328268818
826881813619929
136199296392669
63926698429405
842940513802998
138029987628034
76280348479687
847968710083890
1008389011135836
111358366501417
65014173686775
36867759572910
957291014899084
148990846590173
659017313555374
135553745522633
55226338652299
86522993604123
360412318902865
189028655546149
55461498094870
809487013461881
134618817732904
773290416586551
165865518929322
892932210305984
1030598410912053
1091205315514386
1551438614854420
148544205659918
56599189379428
93794283590884
359088416647808
166478088307865
830786515805237
1580523711165066
111650663993473
399347317021921
1702192115625801
1562580116778972
1677897210153350
1015335012952858
1295285816822306
168223068161455
816145510799290
1079929014251530
142515309231791
923179110418421
1041842110816571
1081657112202483
122024833429977
342997712624805
1262480513830159
1383015910929611
109296113712614
37126147191434
71914348911543
891154313222572
1322257217452468
174524686055432
605543213176942
1317694212105616
1210561618039725
1803972515160380
1516038013608685
1360868511607054
1160705414655262
1465526216947900
1694790014118387
1411838717758400
1775840012615999
126159999171597
91715977016239
701623912347297
123472978586854
858685411209032
1120903214174865
141748656484772
648477212553586
1255358612819092
128190924832152
48321527002678
700267812371247
123712475945540
594554016761188
167611889898280
989828015476107
1547610712807312
1280731213395679
1339567913798641
137986419941938
994193810958583
109585837493974
749397410219184
1021918412535005
1253500513130121
131301214394647
439464710391525
1039152513659303
136593038723943
87239435591282
559128214409837
144098376300395
630039516000254
160002548801048
880104815507561
155075618680474
868047410634373
106343739137730
913773016866077
1686607717800305
1780030511644787
1164478712326353
123263535059424
505942410542962
105429626215182
62151828202787
82027879778120
977812010726779
1072677915795244
157952445589269
55892698597528
859752818213084
182130849402046
940204616750385
1675038514307040
1430704011095263
1109526310113269
101132699446917
94469173854143
38541439751585
97515858131820
81318208499990
849999013059645
1305964511172418
1117241811185150
1118515014978246
1497824612881373
1288137311002138
1100213812740770
127407705564552
556455212105694
1210569414932368
1493236814857978
148579789931020
993102012076354
1207635410170627
1017062713772094
1377209410750511
107505119474782
947478211296935
112969356949007
69490075060401
506040112091230
120912309293448
929344817449011
1744901115591014
1559101418049371
180493717829452
78294524160885
416088512830845
128308456952633
695263316241410
162414106310120
631012012206248
1220624814050093
140500936051912
605191215742075
1574207510882992
108829929334440
933444018771325
1877132516272514
1627251414785317
147853173571359
357135911594715
1159471513477481
1347748110727719
1072771914126355
141263558745211
874521116211653
162116535646951
56469519675619
96756199129245
91292457463775
746377511684301
116843014682905
468290513678103
1367810314138303
141383036528607
652860710946027
109460273651494
365149410367555
103675556711683
67116837109437
710943710610721
106107219547508
95475089927271
992727110982909
109829098692989
86929897788686
778868615397274
1539727415094192
150941929705896
97058969711193
971119310659897
1065989715541677
1554167710073528
100735289266847
92668476930367
693036714057864
140578649059091
90590915790988
579098816930892
169308929404563
940456311383511
1138351112664850
1266485012224517
1222451716348589
163485899746424
974642416580858
1658085814844562
1484456210295309
1029530911828370
1182837013290801
132908017781794
778179413569001
1356900117292314
172923149246733
92467335681569
56815696966105
696610512891700
1289170016172718
1617271811591045
115910453352101
335210112918818
1291881813223236
1322323615178235
1517823514389643
1438964312744372
127443725548599
554859911825436
1182543617497939
174979394878342
487834211615873
1161587311869748
118697486081318
608131810209523
1020952317198157
1719815712485417
124854179448500
94485007692569
76925696898618
68986183363102
336310214755703
1475570312010507
120105077872921
78729215759654
575965418788826
1878882611103316
111033169459036
94590367549219
754921915107576
151075767995669
799566913292311
1329231112555658
1255565810870702
1087070214647561
1464756111629921
1162992112889526
1288952610818253
1081825311038013
1103801310124407
1012440711122355
1112235510194924
1019492412644650
1264465013752253
1375225318267539
182675395562445
556244515438089
1543808912527033
1252703311775536
1177553616037596
1603759611047404
110474049120412
912041217852781
1785278114734244
1473424410113984
1011398413954321
1395432110503514
1050351414604202
146042028285568
82855683807994
380799411287405
1128740512704745
1270474512180331
1218033115088718
1508871810901917
1090191711241096
1124109611935097
119350978401589
840158911292576
112925769762605
976260510844592
1084459218871100
188711009168669
916866912533456
1253345611300061
113000614504834
45048349213886
92138866281035
62810354270606
42706066731424
673142410686032
1068603210460002
1046000211640889
116408895878631
587863112143253
121432539563893
95638936145121
61451214403977
44039776919666
691966614453476
1445347614691473
146914737479713
74797136327943
63279438176000
81760007354368
73543688063404
806340413077165
130771658868032
886803212063078
120630788646955
864695511954554
119545548358633
835863311851824
1185182414224459
142244594110109
411010913684309
1368430911679634
116796347028028
70280287547168
75471687816864
781686410455120
1045512013751855
137518559749130
97491309567700
956770014429284
144292848872950
887295010855193
108551935282057
528205714973343
1497334312492673
124926735895437
589543710791379
107913798687513
868751311624610
116246106483536
648353616631390
166313907899715
789971514892017
1489201711012631
110126317210256
721025616618482
166184828653299
86532999930150
993015013733632
1373363213941892
1394189212232068
1223206810488046
104880469239571
92395717335362
73353624542232
454223215577433
1557743312872743
1287274311687681
1168768110379336
1037933615464700
154647002545350
25453505494504
549450413760548
137605489862297
98622979731226
973122618379597
1837959715393782
1539378215046765
150467653402702
34027027709435
77094358298243
829824315349336
1534933611589339
1158933910747003
1074700313079917
1307991710661984
1066198419611528
1961152813005568
130055688494383
849438312432207
124322077356607
735660712015862
1201586214432424
144324246271286
627128617348193
173481938761217
87612173729769
372976917977099
179770997274973
72749739882136
98821369871139
987113917250552
1725055219180704
1918070411854935
1185493511561261
1156126111494013
1149401312382391
123823919185046
918504615182192
151821923165096
31650969509500
950950011748937
1174893712461925
1246192510783122
1078312217202002
172020022483396
248339611055356
1105535612653596
1265359617259425
172594254624020
46240204791592
47915926390414
63904147943892
794389216390250
1639025011901655
119016556758942
675894213599583
1359958311060364
1106036412962510
129625107757414
77574143029070
302907012469841
1246984111817915
1181791514904554
1490455412457019
1245701912097325
120973259752643
975264311505232
1150523213527610
1352761018834811
1883481111446808
1144680812692400
1269240011934689
1193468911702337
117023378829887
88298873904054
39040545570577
55705774973501
49735014306312
43063129701543
970154316068820
160688208824486
882448610681801
106818018240996
82409969947262
99472629017617
901761713217874
132178742799709
27997099807725
98077256769438
67694387725537
772553712511810
125118108797404
87974047901141
790114117299827
172998276508348
650834817055689
170556899364493
93644938193973
819397310881638
1088163812047103
120471038435273
84352734473136
447313615512892
155128929811991
98119919359791
935979110868564
108685649733395
97333959203402
920340214232232
1423223211636410
1163641016877263
1687726310710212
107102127925217
792521713375880
1337588010481370
104813709837990
983799013644317
136443175366116
53661169655580
96555808832678
883267810754237
1075423712461547
124615477941005
79410057375262
737526210886575
1088657511017982
1101798214316493
1431649312474379
1247437916930534
169305348041822
804182211231058
112310587904883
790488311091737
1109173717480605
1748060516601154
1660115414043029
1404302911977382
1197738214936752
1493675210936575
1093657512557166
125571668297213
829721317119083
1711908312312667
123126678468884
846888412757784
127577845002034
50020349460344
946034411258067
1125806713535474
135354749212297
921229714421592
1442159214809921
148099217408993
740899310424266
1042426610444425
104444256169571
61695716725589
67255897866542
786654214178359
1417835915968200
159682006549342
654934210391135
1039113511556223
115562235440914
54409149640426
964042615319520
153195208571036
85710367912176
79121768914156
891415611376521
1137652111974968
119749687350105
735010512492466
1249246612418407
1241840711617324
1161732410044317
1004431713964868
1396486816154724
1615472410803051
108030519185001
91850017201261
720126116219980
162199804919534
49195348686370
868637013695147
136951479148239
91482397235015
72350158255065
82550656139127
61391273871973
387197311073469
1107346910464219
1046421910937476
1093747613059772
130597729235463
92354637861985
786198510839357
1083935714106600
1410660010870654
108706549398446
93984465969315
59693157153413
71534139240020
924002015557413
155574138360830
83608309643815
964381510623101
1062310115563118
155631185258145
525814511432139
1143213910716171
1071617116944714
169447144127896
41278968550679
855067915437829
154378295711097
571109711145443
1114544316134612
1613461211695355
1169535512605509
126055096202388
62023887259359
725935914387442
1438744211036367
110363678060219
806021911494052
114940526457605
645760511540165
115401659618635
961863511995540
1199554010855705
1085570514750713
1475071317459603
1745960310707107
107071079127163
912716313923727
139237273451003
34510034484806
448480613510677
1351067713546631
135466318523361
85233613993319
399331914729896
147298967577682
75776824953437
49534376124135
612413510934509
1093450917199235
1719923515827082
1582708213928604
1392860417418321
174183218445587
844558710709940
1070994010351143
1035114313915391
139153917615830
761583017600495
1760049512700275
1270027511358009
1135800917710254
177102548572992
85729926845247
684524715796765
1579676511753086
1175308615069647
150696479719668
971966811780930
1178093016157420
161574208963605
89636057045733
70457339675042
967504215042572
1504257213966870
1396687016875411
1687541112014583
1201458310248240
102482409319172
93191728296201
829620113479020
1347902012977178
129771789794934
979493413182040
131820409984657
998465713730969
1373096912637986
1263798611467229
1146722914535719
145357198503152
850315214606316
146063168145351
814535116378950
163789509248993
92489936927576
692757613909180
139091808265302
82653027231764
723176411256710
1125671014413944
144139443783327
378332716972263
1697226314200728
1420072814104144
141041447095777
709577714146730
1414673012043846
120438464511324
451132412290097
122900979026174
902617412059492
1205949217751166
1775116612052011
1205201110200644
1020064417486810
174868109135041
913504111861476
1186147618143109
1814310912373268
1237326812028956
120289568037986
803798614679697
1467969711013034
1101303410177304
1017730410493304
1049330417468868
1746886810374296
1037429611919728
1191972819303767
193037678887711
88877119300020
930002014986529
149865294007406
400740611877148
1187714811062759
110627596736792
673679212937928
1293792812431323
1243132314040024
140400246529800
652980010084510
1008451012654631
1265463110619390
1061939010717261
1071726113484767
1348476712780289
1278028913467654
134676545290721
529072116653678
1665367816627882
1662788210402968
1040296813492520
1349252011133505
1113350513766515
137665157133298
71332989466552
946655214673932
1467393217181699
1718169913938318
1393831813425229
134252293707389
370738914984615
1498461513258631
132586318155398
815539815752206
1575220612470485
124704858632917
863291713105081
1310508111742513
1174251311272399
1127239919144555
1914455513825387
138253878128256
81282567771474
77714743681875
368187510708865
1070886515506210
155062108051751
805175112784290
1278429011338300
113383008049815
804981510892496
108924966534677
653467717871679
178716799316078
931607813501496
1350149611762592
117625922598007
259800711625126
116251269352549
935254913018205
130182056037828
603782815028007
1502800711823032
118230325119811
51198118382530
838253014491574
1449157411457131
114571317695327
76953279043144
904314412440186
1244018617838238
178382384764991
476499110309846
1030984611262054
112620542928502
292850216355831
163558318487279
848727914846929
1484692915157018
151570189441922
94419228055532
805553211821852
118218523475868
34758687077746
70777463519319
351931910768702
1076870210214582
1021458211782180
1178218010665471
1066547111396745
113967456232360
62323608871702
887170217272992
172729927095105
709510512802345
128023455070253
507025314487431
144874315672858
567285811440238
114402388197597
81975976824446
68244465130663
51306636273224
627322413171933
131719337328124
732812413617728
136177289852406
98524067855092
78550929258885
92588859492624
949262413101228
131012287175200
71752007571217
75712178897543
889754313348617
1334861712974731
1297473112782073
1278207317687403
176874039063766
906376610190352
1019035214188861
1418886113880201
1388020111704625
1170462515747938
157479389925905
992590513273917
132739179939852
99398529727250
972725010845226
1084522611974073
1197407315099478
150994787168991
71689918017531
801753112402864
124028648910508
89105088977518
897751813190045
131900459930053
993005313431985
1343198511575734
1157573411789629
1178962910696304
1069630414462403
1446240310278045
102780458208450
82084505524554
55245548761176
87611769621513
96215136787502
67875024193807
419380710392905
1039290516303798
163037983699654
369965410251130
102511309706947
970694718780898
1878089817783608
1778360813970146
1397014613965961
1396596114943510
149435106126376
612637618868896
1886889611107610
1110761011476898
1147689811417511
1141751115727303
157273038524649
852464910392640
1039264011578470
115784708736423
873642312472239
124722396829975
68299759021075
90210757275855
727585513341186
133411868488331
84883318027555
802755515426624
1542662416602562
1660256211195757
1119575714178133
1417813311083448
1108344815240888
152408886321039
63210398104595
810459513975614
139756149910595
99105958994159
89941598741633
874163311586623
1158662314625264
1462526411577723
115777234738006
47380069542506
954250615282384
1528238416848645
168486459613090
961309011247999
112479999852449
985244916268090
1626809015140960
1514096015972494
1597249414915940
149159408266554
826655412392707
1239270716566474
1656647412685554
126855547798819
779881913020785
1302078518500187
185001876965781
696578110891668
108916687353196
73531965407880
54078809602190
960219014057387
140573877781819
778181917401602
174016026579268
657926817139849
171398498186735
818673511575228
1157522815118664
151186647264839
726483912392054
1239205410038180
1003818010981851
1098185113251965
132519655722510
572251011996784
1199678412409055
1240905511218622
1121862213813340
1381334012039762
1203976210069936
1006993613165423
131654238274929
827492910660712
106607128051600
805160012647234
1264723411460403
1146040318244415
1824441516964922
169649227334443
733444316964597
169645979466715
946671511172882
1117288215194609
1519460911217349
1121734911776708
1177670811375775
113757757934301
79343017912869
791286914684058
1468405818174504
1817450413370996
1337099617557985
1755798510041457
100414578168989
81689896398174
63981746976223
69762239664609
96646099392779
939277915202665
152026658748544
874854411527299
1152729917396174
1739617415220974
1522097415808566
158085664866407
48664077367613
736761312659371
126593715790696
579069617216773
1721677311337142
1133714211633784
1163378411333785
113337857493640
749364013706355
137063554837805
483780510343099
1034309917368087
1736808713916593
1391659316476185
1647618512291246
1229124614092346
1409234612091069
1209106915672168
1567216811700891
1170089113360139
133601399950981
995098112771687
1277168712135333
1213533317017411
170174118526004
852600411917959
1191795912475863
1247586310101787
101017877247003
72470035256928
52569288909796
89097968528916
852891615138000
1513800016187659
1618765914809403
1480940311962611
119626112542104
254210412681125
126811254264140
426414014018151
1401815113988183
139881835927851
59278517338988
733898814563412
1456341214811936
1481193612789066
127890668629513
862951310895856
1089585614156328
141563289569788
95697888439815
843981511265870
112658709505251
95052519094777
90947778357394
83573948393643
839364312802417
1280241712471935
124719355669000
566900010766506
1076650613233474
1323347410874866
108748668177179
817717912176928
1217692812316293
1231629317679803
176798035582711
558271118390692
1839069213953000
139530004438351
443835115975068
1597506812269971
1226997114348074
1434807418091065
1809106511413491
1141349115843700
158437005079666
507966614084436
140844365770675
57706758200716
82007169512506
95125069449696
94496969865052
986505213442938
1344293815209471
152094718611596
86115968420608
842060814543660
1454366014205988
1420598813491566
1349156611198416
1119841613813882
1381388214312588
1431258816444546
164445466151974
615197412594023
1259402311727130
1172713013085057
1308505714884057
148840578964079
89640799033282
903328212522746
125227469876520
987652014583274
145832749398060
939806012766352
1276635219014658
1901465813314206
1331420612295280
1229528016072769
1607276914531022
1453102214864744
148647449945729
99457296269265
62692657234098
723409816303101
1630310112642415
126424157390888
739088811529380
115293806492547
649254714749371
147493716821335
682133512831217
1283121713000382
130003823351311
33513119149565
914956514099699
140996996038302
603830216034140
1603414010003090
1000309012669005
126690054784480
478448012270240
1227024011096256
1109625617971004
1797100416037801
1603780112623693
126236939958433
99584338914613
891461315952641
1595264114146685
141466857144948
714494812766091
1276609111529148
1152914811722468
1172246811675512
1167551211219267
1121926710094322
100943228104203
810420310802914
1080291414281481
142814815470473
547047316459528
164595289242346
924234612549124
125491247992359
79923597506214
750621416844787
168447874545045
45450456491544
64915444938628
493862811831824
1183182411259066
1125906612933992
1293399211368998
1136899810851199
1085119911054892
110548925347563
53475635078870
50788709942841
994284112715663
127156639458186
94581865432240
54322409025891
90258918625394
862539412380465
1238046512147466
121474669903807
990380715683590
1568359016719352
1671935210277344
1027734411613253
1161325310647870
106478704505176
45051767535964
75359644873512
487351214082332
140823328801191
88011916529042
65290426676542
667654210545494
1054549412427633
1242763314766124
1476612411571125
115711259941491
994149118738016
187380168202825
820282517160118
1716011819773601
1977360113551605
1355160510391264
103912647782724
77827249557269
955726911555702
115557029900783
99007834473272
447327217646434
1764643415368802
1536880212143649
121436496388652
63886529779020
977902010685703
1068570315536059
155360596352867
635286718049685
180496857867875
786787510437273
1043727310973719
109737199697635
96976355922355
59223557098162
70981623974022
39740229019302
901930211462062
1146206211308961
113089618690220
869022019091240
1909124010858850
108588504801606
480160611764840
117648409341177
934117717067483
170674835839798
58397986145236
61452369980851
998085112258635
1225863514244033
1424403311529761
1152976114026386
140263866846382
68463827632804
76328043276983
327698318288003
1828800316194714
1619471411492171
1149217111867266
1186726610271033
1027103311967819
119678192441516
244151615752648
157526486410080
64100809255256
92552565864740
586474012484520
1248452013582871
135828719868889
98688898517857
851785714961502
149615027902117
79021179391758
939175813429215
1342921511048134
110481344887133
48871337434340
74343406350348
635034811829003
1182900317237842
1723784211876363
1187636312172221
121722216085515
608551518862463
188624636970101
697010111583746
1158374618979936
1897993616191214
161912146008578
600857811216146
1121614611605606
116056066714417
671441713413331
1341333116558303
1655830316378239
1637823915281698
1528169813073569
1307356910546122
105461226073091
60730919740711
974071110911433
109114337960208
79602088587675
858767514236748
142367487817558
78175584197860
419786014550586
145505869377836
937783613077929
130779297418636
74186368648654
86486544854209
485420913474231
134742315713973
57139736283569
628356913974813
139748139658917
965891716141969
1614196915895051
1589505112559064
1255906410445263
104452638333950
833395012234499
1223449916709107
167091074562961
456296114277026
1427702613594992
1359499210552350
1055235012291797
1229179714018881
140188816421484
642148413414919
134149197998248
799824812007024
120070249944750
994475014304109
1430410910856955
1085695511317565
113175656135051
613505115946793
159467938009928
80099287762932
776293210563075
105630755641208
564120813074962
130749627882926
78829268419609
84196099367233
936723310107546
1010754616186025
161860256058342
60583428844504
88445047756790
775679013013577
1301357714257747
142577478873355
887335512582110
125821109661442
966144214349036
143490364519495
45194959069040
90690409996081
99960818545839
854583911997540
1199754011570910
115709109026290
902629014441428
1444142813901763
1390176310095178
100951786565706
656570610490989
1049098911674767
116747675994637
599463711554094
115540947389850
738985014717093
1471709313804280
1380428014509061
1450906113810028
138100284203353
420335314653250
146532509481913
94819138123345
81233455856412
58564126634145
663414510242141
1024214114744333
147443339710782
971078211996669
1199666917444925
174449259378218
937821812639722
1263972211178380
111783806022515
602251512501657
1250165717965956
1796595613497392
1349739214411189
1441118918996337
1899633714400452
144004526422573
64225736697675
669767510783692
107836926582425
65824253914791
391479111127928
1112792810459296
1045929615600381
156003817599134
759913411381246
113812464227388
42273887579319
757931914991589
149915899780758
978075810557509
1055750912240409
1224040913086525
130865259008135
900813510735525
107355259512852
951285210671503
1067150315173965
151739659686433
968643312942263
1294226311733082
117330829913874
991387412349111
1234911116633008
1663300810017407
100174075931947
593194717085828
1708582816779293
1677929314199340
1419934016598714
1659871410991733
1099173311405181
114051818011112
801111211210992
1121099211640381
1164038111475493
1147549311628495
1162849517398587
1739858713299282
132992826623948
662394814402924
1440292416943381
1694338115197021
1519702115663656
1566365610647620
1064762011831548
118315488458597
845859714725040
1472504010054728
1005472815290638
152906386298544
629854411054304
1105430413148996
131489963000799
300079913368143
133681437329747
732974715777279
157772799136361
91363619093024
909302415835275
1583527511490524
114905247846663
784666314928389
1492838913511853
135118538273810
827381010942132
1094213211719333
1171933310161110
1016111012564056
1256405616312900
163129007417946
74179466927777
692777714890988
148909885230146
523014613218763
1321876316085344
1608534413281785
132817858983051
898305111751365
1175136512754325
127543258259660
825966012987738
129877389753976
975397611223771
112237716846084
684608412090128
1209012811055354
1105535414217500
1421750015165845
1516584513265493
132654933369619
336961912311434
1231143410483555
104835558702551
87025515258761
52587612890516
289051610347590
103475908495127
84951277772650
77726506404770
640477012423213
1242321311727193
1172719310783819
1078381911432383
1143238316731958
1673195810361542
1036154211488662
1148866217721070
177210709690135
96901355616821
561682110198349
101983496557665
655766513188400
1318840013653924
1365392415810979
158109799467669
94676695256432
525643210178153
101781539925971
99259719807661
980766111724474
117244748381203
838120310510242
1051024211856797
1185679711714866
1171486612551711
1255171112534488
125344888676548
867654815460302
1546030216507799
1650779910547551
1054755114302733
1430273315554706
1555470611880699
1188069914031114
140311145930842
59308427439535
743953512583223
1258322315186647
1518664716839931
168399317706770
770677016095071
1609507118195146
181951468165470
81654708628645
86286458973447
89734477869176
78691766206038
62060387619981
761998111515077
1151507713691604
136916042959742
295974212657082
1265708211162235
1116223512740148
1274014814053182
1405318212389956
123899562805628
280562813998204
139982045897713
589771312201526
122015269718759
971875912115045
1211504514899951
1489995116704688
1670468819676546
196765464434619
44346197165763
71657635252152
52521529848097
984809718915359
189153593838249
383824910157582
1015758212698133
1269813317649907
176499076082904
608290412311923
123119235742745
574274518405804
1840580410024855
1002485517342021
1734202110247073
102470736548075
65480758623939
862393910877622
1087762213304166
1330416614056876
140568765464845
546484513555277
135552779062050
906205016037978
1603797810395162
1039516213543139
135431395731962
573196215386756
153867568768121
876812113893136
138931364384601
438460114034425
140344256572368
657236816807688
1680768818522294
1852229418515210
1851521011616843
1161684318067663
1806766312270012
122700129507288
950728811689073
1168907312024750
120247507493729
74937295511261
55112619461458
94614588949666
89496667092017
709201717131776
1713177615752616
1575261614969512
1496951212085980
1208598010127080
101270808613266
861326612734729
1273472910476952
1047695211437607
1143760714422981
1442298113583514
135835145335705
533570518903006
189030067875005
787500512150137
1215013710529403
105294036934183
69341837730096
773009610986221
1098622119194014
1919401413155934
131559346735483
67354835402616
540261611259452
1125945214145357
1414535713091434
1309143411145362
1114536215486836
154868368757187
875718711614295
116142957774631
777463111751809
1175180912102337
1210233711695100
116951009652078
965207812585800
125858007998391
799839113604626
136046265716661
57166617498646
749864610321930
103219308126780
81267807629918
76299185172151
51721515562925
55629259316482
931648214601116
146011167526563
752656313309185
1330918510865906
1086590611787249
1178724914200063
142000636139170
61391705273488
52734889139588
913958812769368
127693689998686
99986869495670
949567011753659
117536595476670
54766706373305
637330514046036
140460369914894
991489411951206
119512067389763
73897639953799
995379910454626
1045462616614317
1661431710768270
107682707820887
782088711908196
1190819611689402
1168940211962468
1196246816271522
1627152212989215
1298921510049095
1004909516640748
1664074814684366
146843668382974
838297413505287
1350528712167006
1216700611864029
1186402910987088
1098708813182998
1318299812499085
124990857455958
745595816953790
1695379016979256
169792564609471
46094713261795
326179513149080
131490808786262
87862628273510
827351010972077
1097207714422229
1442222919509696
195096969577759
957775914103030
1410303011698966
1169896613479714
1347971411320090
1132009015266639
152666397595995
759599513065042
130650425506933
550693318650870
186508706143510
614351011003690
1100369014882979
1488297911501589
1150158914834726
148347268115149
81151499135321
913532114285043
142850438055657
80556579490460
94904605756426
575642612148385
1214838513007135
130071356153113
61531138380672
83806727139719
713971916446772
164467728843470
884347011478611
114786117544897
75448976921851
692185112203124
1220312417425625
1742562513165130
1316513012155663
1215566315713323
157133237126172
71261727965188
796518816159778
1615977816780962
167809627482751
748275112965674
1296567417141714
171417145953565
595356514513614
1451361410633449
106334496037669
603766912288552
122885529402266
94022668404094
840409412543717
1254371714977972
1497797213299053
1329905315791066
157910669495227
94952274561908
456190813550138
1355013814948503
1494850312199614
121996145840468
584046818180629
181806297182978
71829787436274
74362747841788
784178814127657
141276577231053
72310538723597
87235978026735
802673512355836
123558364970167
497016710442288
1044228818902252
1890225210174362
101743629952334
995233414697729
1469772918620367
186203679689971
96899717515800
75158008310593
831059312145114
121451148938086
893808613603923
1360392314721628
1472162811425717
1142571711706057
1170605710677718
106777185792028
579202810772972
107729726343957
634395711391108
1139110812535012
125350127802994
780299413098611
1309861111910041
1191004112867612
128676128780519
878051913388364
133883644027924
402792412120622
1212062216879725
168797257007774
70077748628680
862868014115945
1411594515589902
1558990215155201
151552013884048
38840484657059
465705917292024
172920249714977
97149779511877
951187711616903
1161690315126668
1512666812180924
121809244286484
428648411888804
1188880414967271
149672719587543
958754312082597
1208259713908519
139085195386986
53869868977315
897731512082460
120824608326919
832691913397233
1339723312415669
124156694491385
449138511521835
115218357899013
78990138530771
853077113754392
1375439211703152
117031525078114
507811412481056
124810569839134
983913410397740
1039774012897707
128977074790356
479035617912748
1791274810421008
1042100811057770
1105777013410872
1341087211166045
111660458619518
861951816479344
1647934412604260
126042609414598
94145985431833
54318336785837
678583711702082
117020828687430
868743010607989
1060798913703812
1370381213472896
1347289614674035
1467403511052959
1105295915808774
1580877412537196
1253719619356337
193563378039234
80392344155306
41553068063970
806397015140319
151403198039685
803968518674587
1867458711836109
1183610918093012
1809301217374590
1737459010078766
1007876611620115
116201156493460
649346013168630
1316863010357572
103575722847032
284703216544361
1654436116038733
160387339557986
955798613709264
1370926413935077
139350776720902
672090211811884
1181188411360732
1136073210745862
1074586211367587
113675876280830
62808308980786
898078615518886
1551888613271917
1327191713949962
139499626781927
678192711771836
117718368094190
809419011740839
117408395549815
55498154449761
44497617287684
728768410032709
1003270915325442
1532544211565305
1156530514803538
148035385302005
530200514078473
140784737529353
752935311941190
1194119014613787
1461378714424440
1442444010629521
1062952112179666
1217966613360105
1336010510376278
1037627812863356
1286335614279709
142797096859206
685920612132745
1213274512147719
121477199079854
90798548626576
862657610843038
1084303813078528
1307852810612455
1061245516095585
1609558512008704
1200870411756601
117566019019301
901930112794873
1279487310804915
108049154832275
483227511460064
1146006418456006
1845600611567982
115679828068498
806849815966338
159663383482475
348247513902408
139024085786731
578673116641994
166419948418194
841819411224348
1122434810850733
1085073310186518
101865187779733
777973314570059
1457005911573843
115738439986943
99869434217307
421730715404663
154046639268002
926800213376868
1337686812963348
1296334812086036
1208603611237834
1123783410820753
108207538147225
81472255777137
577713714137362
1413736215291106
152911067484567
748456713400415
1340041511946646
119466468808735
880873511127610
111276106949635
69496354392372
43923727621575
762157512274326
1227432618096008
180960087545974
75459744039428
40394288890273
889027318153737
1815373714082516
140825169399721
93997219471218
947121814559084
1455908415984815
159848159529979
95299796845225
68452259066809
906680913783740
137837407707061
770706111894952
1189495214078291
140782918388595
83885956560279
65602799997785
999778515713744
1571374413589445
135894454919101
491910116786775
1678677513930267
1393026713330237
133302378900125
890012511768031
1176803116644095
166440959557366
955736612011051
1201105115676949
156769494603682
460368213396020
133960208851816
885181613640795
136407956401334
640133413260508
132605087073414
70734144976700
49767007359543
73595434894186
489418616276235
162762357894869
78948698712581
87125819886136
98861369919007
991900710286851
102868515671223
56712239554054
95540549254354
925435410729628
1072962818595134
1859513413588599
1358859916119100
1611910016044932
1604493212669614
126696144574135
457413517048337
1704833715297542
1529754212138543
121385439313436
93134366987084
698708411254214
1125421412960121
1296012110418032
1041803210354958
1035495816775418
1677541812280277
122802778194442
819444218185733
181857339599854
959985414824804
1482480417178455
1717845514688258
1468825813929469
1392946916803907
168039078964885
896488511809130
1180913012564498
1256449811373100
1137310014380601
143806015237955
523795518644436
1864443613905982
139059828262289
826228914310795
143107958544409
85444097913692
791369212600781
1260078116908471
1690847114566886
1456688615758315
1575831511368211
1136821111046892
1104689212731826
1273182612063061
120630613853780
385378014343093
143430939214951
92149519187203
918720311543528
115435288294967
82949676083092
608309215369081
1536908111124766
111247668771366
87713667271634
72716347883975
78839758309808
830980815404791
154047916613210
66132102515282
25152829311427
93114277874205
78742055183514
518351415489340
154893407165579
716557914808834
1480883413233164
1323316411368416
113684166779636
67796368613486
86134867874321
78743219259856
925985610396210
103962107918862
791886214730704
147307048079430
80794303539661
35396619788989
97889893478994
347899417018107
170181079087293
90872937642261
764226111573825
1157382517871952
178719528632306
86323067059912
70599122718242
27182428466779
846677913744348
1374434816100990
1610099012856578
128565785688939
56889395002513
50025136455351
645535112114026
121140267725121
77251219401626
940162614816925
1481692510517269
1051726911525418
115254187301890
730189010044905
100449058258120
825812015373502
1537350212465638
124656385641407
564140710521317
1052131711437049
1143704910459308
104593087544763
75447634610787
46107878635056
863505612456419
124564199890518
98905189362936
936293615750765
157507659109938
91099385735468
57354685368799
53687998334479
833447910489823
104898237542320
75423208219003
82190038209756
820975614387591
143875914915850
491585012508097
1250809712621207
126212076659673
66596736538964
653896414717658
147176587937979
793797915475519
1547551914322878
143228786123537
61235377829431
78294312312879
23128799293926
929392611785139
117851399607930
960793017884947
1788494717668791
1766879111819971
118199719200045
92000456540684
65406845953488
595348811539633
1153963311559160
115591605894221
58942219408183
940818312556661
1255666112436030
1243603015820963
1582096311005403
1100540311431328
114313287614456
761445612258177
122581777512209
751220910009752
100097527509953
750995313196407
1319640714149506
1414950611805899
1180589910263840
102638407396038
73960386363502
636350210776597
1077659716504575
165045758003295
80032954334716
433471611118295
1111829515019544
150195449779512
97795129781914
97819148056045
805604512231015
122310153115797
311579714686406
1468640612033412
1203341212699677
1269967714270986
1427098616311741
1631174111404924
114049243941014
394101411600888
1160088811548537
115485379533425
953342512822654
128226548045812
804581213200579
132005796119616
61196166213467
62134674469288
446928816262778
162627788408836
840883610662606
1066260612051112
1205111212501639
1250163918919002
1891900210257694
1025769410607398
106073988044706
804470610358444
103584448472961
847296114147707
141477073988304
398830414119536
1411953618044915
1804491513543522
1354352218615947
186159475005265
500526515220801
152208019437040
94370405161957
516195710551145
105511455641377
564137713071369
130713698887072
888707213460584
1346058410412937
104129377444538
744453814357580
143575808765323
87653235113686
511368611709117
1170911710661595
106615954585481
45854816762778
676277814066347
140663477215193
72151938381840
838184011974236
1197423617830829
1783082915986296
159862968586652
858665210007165
1000716511922145
1192214512473459
1247345912762078
127620788193437
819343710729389
1072938915042991
150429917986515
798651512685574
1268557411582898
115828984435102
443510212757411
127574119575335
95753356467393
646739312173603
1217360313714937
1371493714033616
1403361612952097
1295209712470786
1247078614543927
1454392713332958
1333295811409093
114090937836001
78360019168571
916857111015518
110155185702248
570224814957781
1495778111982449
1198244914980682
1498068210326889
103268895354232
53542327061824
70618245649486
56494864681711
468171111997610
1199761017058519
170585192949108
294910815493715
154937158051076
80510766792958
67929589622877
962287714094209
140942098193334
81933343374072
337407214900935
149009357893681
789368112149886
1214988615389129
153891298162403
81624036520910
652091015236111
1523611111179395
1117939517401154
174011543264935
326493514919253
1491925317270693
1727069310458728
1045872813800247
138002476105746
61057468569231
856923113334847
133348474922550
492255014693785
1469378515483748
154837487013712
70137125288764
528876413532099
1353209915007606
150076067121272
71212726985481
698548117658818
1765881811392336
113923369368556
93685567808296
780829616007755
160077559965128
99651287186323
718632312015395
120153954615591
461559114972911
1497291110760666
1076066610956656
109566567446831
74468312291106
229110612897797
1289779710022340
100223408770617
87706178566212
85662128554745
85547458662896
86628969011748
90117485609574
56095749093048
909304815488220
154882205528904
552890411695059
116950594414995
44149956535217
65352179348832
934883217270633
172706339162839
91628399604260
96042606114906
611490614811397
1481139713168321
1316832112693860
1269386011397443
1139744310241045
102410459706252
97062523611510
361151017729313
177293136515596
65155966527145
652714516751994
167519946608650
660865011686440
1168644012415650
1241565018788143
187881435396710
539671013042547
1304254716442683
1644268313220177
1322017713510062
1351006218539817
1853981713356418
1335641811152514
1115251412450748
124507488041572
804157216087895
160878957539743
753974316456820
1645682016645636
1664563616726922
1672692212539690
125396909100499
910049910252614
1025261410233827
1023382713377783
133777834430616
443061611693077
1169307712936692
129366928413668
841366811353559
113535597976729
797672917192880
1719288014093223
1409322315066455
1506645517548178
175481789657373
965737316213408
1621340811706928
1170692814519758
145197588474949
847494917373527
1737352715654795
1565479510550286
1055028616576188
1657618810535163
105351638639016
863901614218632
1421863212006434
120064347460193
74601934968876
49688765032344
503234411492451
1149245112330514
1233051411538967
1153896712495228
1249522810977177
109771775598981
559898110970318
109703187441495
744149513839467
138394674747587
47475879668126
96681265372622
537262211379570
1137957015004397
1500439715148545
1514854510897075
1089707514015393
140153935772409
57724098049725
804972510053929
100539298501181
850118114452891
144528913554138
35541388511858
85118587453766
74537669340862
93408622875426
287542611102191
111021914236446
423644613065073
1306507313779441
1377944111068795
1106879510958007
1095800711472247
114722478442250
84422509361929
936192913604518
136045183732378
373237814019250
1401925015491800
1549180013004452
1300445214476168
1447616811557664
1155766411083497
1108349712167512
1216751213772178
137721784021208
402120815739676
1573967614648317
1464831712818144
128181448634318
86343189493658
94936589772491
97724919988026
99880267964371
796437111122862
1112286212458872
124588726030208
60302088846053
884605316980300
169803008471446
84714469178658
91786587075607
70756079777331
97773318546369
854636911844047
118440477101279
710127912901866
1290186616146458
1614645811845345
118453457721618
77216189115655
911565511829474
118294749714582
971458211319960
1131996011686205
1168620512562984
125629848589551
858955114932887
1493288714054404
140544044731893
47318936376157
63761579041365
904136515922631
159226316427334
642733413008993
1300899312869186
128691868883177
88831779453161
945316114523700
1452370011116644
111166447824377
78243774833198
48331988154336
81543366697210
66972107327078
73270789508568
95085689861810
986181016381026
1638102610976340
109763407752398
775239818148099
1814809911837096
1183709612113125
121131258325168
83251685841149
584114914780120
1478012014072752
140727528151043
815104317439305
174393056482694
648269411050293
110502937856686
78566865623382
56233828544952
854495215684267
1568426712971712
1297171212271798
122717986814982
68149828321499
83214994396477
439647712184968
121849683523365
352336514457336
1445733611573895
115738954171304
417130412533012
125330126750595
67505955226142
522614211515430
1151543011601504
1160150413921957
139219579550887
95508877881904
788190413351262
133512626444790
644479012316108
123161087698277
76982778012842
80128423334582
333458212155347
1215534711756269
117562697593627
759362711793399
117933995373730
537373014309103
143091038149253
814925315356237
1535623710523781
105237819684537
968453718790488
1879048818099633
180996338872975
88729756067955
606795511368191
1136819110318032
103180327588208
75882088968931
89689319680596
968059616620830
1662083014909601
149096018136554
81365548017131
801713113472460
1347246015236932
152369326317754
631775412451131
124511318894961
889496110187487
1018748716982183
1698218315985086
159850865694518
56945184226800
42268007961738
79617389240735
924073516308849
1630884914643421
146434214247016
42470164419500
44195006703396
670339613973257
139732576177978
617797815553392
155533927385848
738584813834688
1383468814716509
1471650911240167
1124016716792048
167920487629352
76293527504632
75046327545402
754540211172701
1117270115764298
1576429814331513
1433151315694648
156946488617963
861796318644601
186446018156420
815642011188984
1118898410894386
1089438612810525
1281052512405695
124056958736241
87362417737624
77376246374732
637473213800156
138001567546196
754619611911910
119119106288834
628883411303278
113032786157646
615764610917563
109175636676650
66766505743868
574386811542698
1154269812972611
1297261115409483
1540948313718496
137184969669139
966913911660864
1166086416173968
1617396816175794
161757947126279
71262798610953
861095312103211
1210321112958205
1295820510783642
1078364212655955
126559558759931
875993116988372
169883728049035
804903510298760
1029876013613960
1361396012928463
1292846314106119
1410611915519104
155191048236769
823676913244696
132446969287337
92873378927605
892760512339305
1233930511097343
110973434639801
463980115499577
154995779917034
991703411796768
1179676814612998
1461299812077010
120770109145791
914579111059528
110595289473575
947357514949922
1494992211841868
1184186813747559
1374755912794617
1279461714182949
1418294910051633
1005163310967461
1096746110233408
1023340810238593
102385939855042
98550426186093
618609310659707
106597079573377
957337717586360
1758636017453465
1745346513693906
136939069913461
991346113989035
1398903516529732
1652973213706205
1370620510462457
1046245710828609
1082860916790097
167900975986458
598645816773321
1677332113739245
1373924512632962
126329629152373
91523734653408
46534088597876
859787617417631
174176314283661
42836617773200
777320017118256
171182569328366
93283669551229
95512298586653
858665310020391
100203913541794
35417947736636
77366366134180
61341808666610
866661010699132
106991328966012
896601210967625
109676257847177
78471775392718
539271812585785
125857854603020
460302016572945
165729458509498
85094989907483
99074833493291
34932917399180
73991808898378
889837811715143
1171514313024190
130241908656100
865610013908887
1390888712057788
1205778810133775
1013377514023200
140232008429594
84295945948247
594824717712538
177125387358776
735877617965114
1796511413288400
1328840010672795
1067279510715174
107151749906837
99068379023069
902306911819179
1181917917986109
179861095648245
564824514688752
146887527223319
72233197506458
750645812956807
129568073762172
376217216878181
1687818111876682
1187668212111194
121111945469546
54695469284122
92841227345144
734514410510006
105100064241751
424175116738768
1673876810598591
105985917123491
712349116035119
160351199735120
973512016502123
1650212316768722
167687225686214
568621411953531
119535317497247
749724713243196
1324319612511965
125119658682604
868260410415978
104159788837221
883722112539971
1253997114624661
1462466111256853
1125685311256814
1125681410995629
1099562916946362
1694636215815043
158150434918104
49181049670705
96707059982596
998259610506106
105061067786221
778622114109160
1410916017963864
1796386412233772
1223377213796189
1379618916972781
1697278113143054
131430544936325
493632511959808
119598087806293
780629315967814
1596781410384406
1038440610237596
1023759612230197
1223019710209984
1020998411319306
1131930612926795
1292679515798172
1579817216216448
162164484222375
422237511439633
1143963311523179
1152317916253897
1625389710903775
109037752458451
245845111616337
1161633714850752
148507526307749
63077498773693
877369310075359
1007535910384386
103843869209220
92092208694270
869427013122032
131220328765294
876529410559810
1055981011321214
1132121411905265
1190526515115550
151155507307145
730714511705094
117050943019561
301956112131724
1213172417503694
1750369414572716
1457271613361114
133611149057538
905753815106469
1510646913252486
1325248616931113
169311139733648
973364814795521
1479552111648910
116489106090161
609016111356152
113561526135469
613546910754263
1075426312578624
1257862411773490
117734905081452
508145214294638
1429463810399252
1039925213708936
1370893611030578
1103057813350841
133508413031807
303180712861896
128618967767226
776722610090648
100906489421551
942155113045868
1304586812823497
1282349710518731
1051873111799330
1179933013339905
1333990512486553
124865537555042
75550427848993
784899312754081
1275408117330318
173303188194708
819470810907276
1090727614287772
1428777210157232
101572324196256
41962566423781
642378116128132
1612813216560212
165602126576958
657695812418332
1241833211295857
112958575739824
573982415188536
1518853614565374
1456537410315863
1031586314989953
1498995318178118
1817811817001513
1700151315294592
152945924460463
44604636777539
677753912041033
1204103314963454
1496345416192978
1619297814387377
1438737712418097
1241809714135915
1413591514724692
147246929357760
93577609118649
91186496340617
634061710331945
1033194513769299
137692996723080
672308013726079
1372607910816994
108169945623876
56238769218631
921863111760475
117604755761790
576179013808681
138086816554037
655403711451540
114515409580649
958064910135227
1013522711550870
115508703670906
367090611443527
1144352712842407
1284240718631083
1863108310892650
1089265016047792
160477928857081
88570815995934
59959346142029
61420298931821
893182111729815
117298155164008
51640089672904
96729049170983
917098313577742
135777426949723
694972313033438
130334384645160
46451607583750
75837502580348
25803488097891
80978919841798
98417984457632
445763214481183
1448118312220377
1222037710010207
100102076604672
660467211073896
110738964680276
46802767255874
72558748801251
88012518245167
824516714207198
1420719810143339
1014333914381904
1438190410267848
1026784814286490
1428649010432363
1043236316199653
161996537262409
726240913608752
1360875213548044
135480449156081
91560819933405
993340516684098
166840986489100
648910011590572
1159057211468151
114681518786962
878696211624075
116240758698311
869831114230700
1423070010134505
1013450510670355
106703556813875
68138755238309
523830914991477
1499147713889099
138890997961422
796142210727641
1072764112889169
128891697744325
77443259839088
983908814387752
1438775215007787
150077875627865
56278655881097
58810978836940
88369404881081
48810817637373
76373739402641
940264112644226
1264422614640710
146407106526079
65260796290549
62905498875639
887563914850173
1485017317621421
1762142114185771
1418577110542492
1054249211451383
114513838170926
817092615634865
156348655380930
538093017999870
1799987017600098
1760009813435834
1343583410328008
103280088415463
84154637942140
79421404782174
47821744206844
42068449196242
919624211143582
1114358211045423
1104542310544752
1054475213260943
132609437305268
730526811898696
1189869611271314
1127131412260266
1226026616189032
1618903210744252
107442526749842
674984212846331
1284633110491312
104913127962112
796211217684036
176840369402372
940237212263996
1226399614629103
1462910310141154
1014115412247830
122478306390100
639010011108916
1110891613945070
1394507013646991
1364699114038337
1403833717396997
1739699711029545
1102954515582652
155826529419222
941922211647570
116475707871270
787127016781173
167811736556833
655683310388839
1038883914541438
145414386191191
619119114255893
142558935631175
563117511425008
1142500811068573
1106857315334316
1533431611700303
1170030313058173
1305817312254132
1225413210754067
1075406710810461
1081046117777115
1777711515590906
155909067890235
789023513006376
1300637611552437
115524377926807
792680714075761
1407576113516318
135163185220462
522046213099122
1309912210854771
1085477112724457
1272445714157709
141577098637096
86370964647744
46477446877199
687719910254850
102548509087496
908749614671606
1467160611921764
1192176413586979
135869797754466
775446610384124
1038412413102139
1310213911026121
1102612110483522
1048352210421237
1042123715848467
158484679336267
933626713502982
1350298213376071
133760719315868
931586813766803
1376680310561113
105611138479324
847932411812118
1181211815182712
151827123853269
385326916694473
1669447315483757
1548375710965275
1096527514045301
1404530114126987
1412698715511676
1551167612512336
125123365424857
542485712895803
1289580313801779
138017797567678
756767818252450
1825245015774154
1577415412679576
126795767709110
770911013665410
1366541011775412
1177541210907753
109077539705354
97053548296534
829653416923494
169234946694037
66940378680708
868070813105852
1310585210374699
1037469912948548
129485489620393
962039316846096
1684609611066249
110662498143538
814353810329707
103297075855895
585589516460842
1646084212132579
121325799179030
917903011102660
1110266012642008
1264200814589646
1458964615802189
158021897131134
71311346475967
647596715237009
152370099069075
906907511152153
1115215310735255
1073525511117165
111171657778138
77781389423672
942367215728602
1572860214878329
148783297286937
72869373963172
39631727456874
74568749778885
97788859840630
98406309819380
981938010929434
1092943414115868
1411586814187419
141874196901976
690197610115523
1011552317404636
1740463614322965
1432296513099950
1309995013637168
1363716814693277
146932775884986
588498613462571
1346257110745968
1074596811673036
1167303610275678
102756784189192
41891926001413
60014134368722
436872212524477
1252447719344452
1934445212842254
128422549249579
924957911129831
11129831