3303524740
9824400462
4210835025
3471364528
4259627502
5459654103
1840906912
8299757454
9281257882
9606136637
2999759029
6219037875
3666924144
5782173239
4226528866
7892364198
5317196950
3521036106
3884375151
7106100222
6841230177
4352242175
3115089233
9999710912
6211767346
3640107266
4804809056
9134887707
6955944741
2443208814
8333672779
1739201691
8058901267
9040596246
7206657044
2311076139
9855962577
9955402655
5044543990
8154248590
2968435802
7945516719
9497697369
1807363572
8308582246
4075882927
8000293831
2296378021
9269069285
6823017890
2613984589
3950652141
3849687724
5491491371
5286678663
3373254888
9885491789
3717715386
3476502512
4724724655
6369104048
3214172511
6089697171
5906044402
7452478165
9093698341
1351582607
9450380323
7093572592
9379519912
2507125707
1292616953
2622075105
8807109758
9661961921
1377344395
9803095765
6818717686
1792268852
4820372977
3599467258
8445270704
6214485649
5729659573
4169496581
1702074007
1086204690
8887812937
3440013203
2588078136
2105205965
8853186627
2314852527
7235510016
7923901296
2009141158
9270204848
2949260225
5616453269
7967604158
8217150945
1674072093
4220544386
9989113812
5229626013
8896644041
6899698260
1850777085
8782687039
2897168467
6906422799
5666137403
9142348764
8854787796
1000337783
4473552947
8822919969
9999232369
2001140852
5483169388
1696767702
7052992555
6242050607
6431586825
1543553994
7945779410
7625458380
5523621319
8166073604
1504686545
4852231519
2756504975
6446675330
8049213596
9638431834
7863215684
4209105080
7305513085
8216925699
2258481243
9047165926
9262213500
4049086772
9006056369
2515622282
4818752950
3238266222
9635470384
7154576041
8479177852
6703147822
9143057506
9121567604
1588654379
6985364326
9344197091
5320145363
2030342779
1945451929
4138479001
3775858021
3557924690
8295536258
3525033339
9138268853
6891762438
8592867375
7069834835
9693558123
4480249316
3615144144
2978240607
1350956945
4068880472
5250513991
5735342707
1962279297
7509982157
4213332879
6984190090
8047592632
1524164058
9233545245
3968714152
8788386363
7980768827
9458763416
5099323640
7167406722
7808233621
5254485647
8686171777
4453021365
4903699937
1362111360
4271317226
8368390106
7548472015
4996397736
9892557171
4663459867
1717808601
8524325262
3683154172
3171490499
8862142712
4277373114
8174755189
1193832912
4083861050
4693760083
7208057441
1037578695
9560476387
2837077180
1868939982
1868229031
5382913815
8153972652
5787173680
8005760455
3145545795
8963715897
2551455530
3637282271
2555726656
4897369041
7300148938
9080163284
6547834820
1000343011
6127443061
3461982517
8660575753
2313698126
3875010973
9594560088
7430644603
9411764502
5633788977
8570216787
1380061791
8710176798
6373682218
2545511354
5491616898
7676921480
7672710025
1377751010
2851283592
7757418451
4190062347
2313457568
7324033312
1366834299
3841310659
2467854111
1825557143
4632855014
8758565780
6693665103
1396938841
1581765211
5542213378
3980091449
9376961640
3381567504
6672231893
1907607646
4753438236
8498565481
3875745147
6483867355
9411254880
8951009757
9116848724
8814784216
3670357472
2089422474
5373751649
5158491385
3627403501
8370877469
4302145564
4525816604
9224668134
5601989620
4776798770
5189142087
7114129363
5983696239
4540705862
3135340613
3576332379
1598795600
1291762976
4006816186
2452838684
5246954826
7752704864
3884478790
9720991901
3729843922
1539788645
9492928348
1027219966
7524713210
6085679676
7520660518
4163366922
7646710574
1096576563
9787942706
9368113197
9272809760
2654196802
8427897258
6541623736
3720067840
2267852095
5183537507
8777346336
9744693267
8743800367
2748410296
4954044114
4951287043
2778648245
3511499619
7226667400
2522470643
7554033360
9561404164
6936118628
2829125941
2898766704
6065648798
8024876319
3847083421
5135182830
9621833565
6819028665
5423171739
9075081282
7797843844
5742834221
8757590595
7050757343
9636232303
2016505668
1672166179
4491740220
6279200561
9290609209
4182961278
9928165822
5149547906
3441009454
1230579083
9294776762
8214296008
6111636358
2190226142
7912464294
2599162815
7707669911
1674753260
2766651650
8154672740
8941663225
9124089393
7164493222
6049092505
6413147442
7567117326
1078585160
4549788121
7046175839
9114551269
7115845644
5806419951
5066179695
8988779952
9154373917
4303726173
6063130469
8115860489
1118139899
7062405639
3456118397
9109608208
2435574262
3610347517
1739014920
3301127524
6313787803
3238627606
4642509498
1159809787
9863380954
1248443706
4444029472
6648964954
8860046423
8233257383
7403283296
8013827619
7434460977
5699151926
6264090698
5689217775
8402291299
9296881713
3095959548
1058495882
4894706132
3291652284
7585840829
4328978183
5079257575
1422703194
2606365471
4459376348
1033205317
1967239730
9557565520
1190971901
2975077896
3342036964
7539462730
1905742645
7598550133
3578844702
7383990463
2997905255
2668732773
5787081997
8601488233
8244519607
3695151215
3533703723
1897529105
1057031573
2329914425
4588027416
8671160051
9477723338
9196594857
7655169741
5743126426
6308208243
1331991072
7090973591
1887773351
7060590153
8485342655
7082316818
8229996309
3917462068
2930126190
9248883549
9066940652
9152842341
7230797567
6264279106
9856292490
1934349569
2914402551
1151151599
5279103071
3098194654
3128845876
3070903636
2550642403
3129156728
4205419002
8295064683
7542504129
7043410655
7850752901
5952215997
3873726345
2953280498
1291363629
5260989280
1860796443
6903236302
7608216666
2421758424
3340241932
4661868572
6092163170
3859091985
8060935292
5230261194
6071564203
2490238777
3347604294
3775286294
2097425476
4592941397
8210483868
1517528407
6269993091
2797598962
4810507682
6321545316
3499240475
8465789062
4899209137
8658720702
2025706133
9478406376
2095122224
6768682884
8217048553
1079977627
3324252195
7339402949
2167210989
5279019988
6590269973
8385658696
3190290103
3976318085
7260979918
6298416585
8303552241
3418208410
8594852766
3362130977
6152448397
3108877502
9614278449
7082612776
7074626955
1912388522
8937200768
7957393198
3037633611
8281428891
2684258665
6292702996
5976303740
6345282849
9263062953
5598443932
4870622600
1039971473
6562686480
6452660476
3775857901
1918827217
1140937100
3405408304
5296756778
6931692381
2262624588
1161804517
5463318548
3842598512
1295575910
6449062798
7858411595
2175845274
5452857246
8790385352
2989830860
6168628643
6612391350
7985317864
4838566925
8333919528
6373113991
9917827448
2479011537
2425740712
7481546325
6503186837
9139223471
4128019197
2305348826
2581823444
6016585723
1905399315
1871279692
9101735820
7994143612
7583517061
6377390052
4716593568
2373098566
9388242514
2400949673
2338658454
7899300265
2999296853
9100509670
4893716033
2547120581
1233192304
8369743952
2626469039
8481617082
3856222625
8020719679
2036652120
7667641894
3818076387
3509608702
3066667401
2526539079
6342209415
1512136184
1892399171
9012325176
4418383555
5986811300
1050362984
7103753783
6394710009
2985104624
5998791873
4212542872
2353783924
9791908204
8967665669
1853970128
7726827415
4309044630
5562115950
6911284660
6702384414
9440833186
9797839340
4450287234
5165803479
3798431695
9889856685
4843336426
2899052985
1734499697
7485207583
3207761671
6771446727
7039007053
9315679410
2400434488
9348844290
7783079402
4778176541
2723317039
8620328015
6226566282
6803188310
6122803211
9211390235
8345329233
8151419577
1569510329
1310383481
2597216376
3588193621
2819949387
4403296741
9826399175
3131716358
5973704276
7805429043
1245198214
5902398354
3122641747
5613888796
2551676587
4509495571
2494511040
9598093309
1067515379
7059879816
2115268339
9485639712
4190696269
6569470261
6503904344
8586941893
9983376871
2080158656
2728355641
8959837831
4144433029
6664960974
4699629936
8586433172
1714463142
4670383568
8062752722
6004988602
5619808784
3123690541
3483706156
3720949881
1607930287
8334750471
2796474276
7480661798
5359383495
1741520219
5693442739
9440658061
3989712556
9486977940
7717659683
8017563710
1507859907
1572132490
8142250163
4364869061
6104697317
1057082599
8919196638
9351658010
5345287022
1788555032
9489032942
1961739001
8666597858
4034749216
5118132944
9132440387
3738041859
1173552884
4960680832
3423092346
5244146054
1872228129
8388624922
9035836653
9849948506
2327430716
1120199623
5929987171
9953836407
8344721244
3958769433
1539926049
6271934770
1692641487
9352010076
7274665353
1048557380
4186823227
8302985520
4359543445
2632680075
1413240855
5317834358
4256697895
6510352795
2358574202
8096583268
7775168189
9646336095
8380575419
1417772878
3485646241
2408505132
8089916616
1901788152
9896734205
3589412175
9918973146
6496658313
5817870935
9953562972
4619031313
7349368043
6705114569
5825691407
6916573065
5428778841
9451336856
2399466087
8758904814
1080092724
9769576052
1584078035
1332788333
5152997017
2509886356
8459543439
3883569354
7342672765
6710531728
6651461557
5715320373
2507272659
6193762738
4223413322
4421506819
1104660987
9550053194
6961120969
3890212325
4602918616
1079851159
6980696682
7873973520
4878634182
1181486654
5904805914
5430521656
9880557093
3685429863
6713147102
2679957387
7459984838
7139540963
2789369214
5087438518
4892914479
8361583121
1603379561
7574131425
8124698596
2865104442
3977727169
7508537873
3529808083
5920204616
7397853379
8521147026
1852563954
5897149596
8996646871
2896000823
7705132686
9480902901
9442881701
4243916381
5254450874
6150281484
8859289165
8213680864
1007860608
2392611745
7545356871
6555711063
3156403726
2405026828
4467161264
3639407662
3224738731
5818630477
4800743969
4400792380
3161396071
9981794698
2087057826
9328829900
9945345022
1460645278
5409311975
4555339292
4092834071
8711663395
9631425690
5624841648
8172607965
4807190673
1299416457
3927500082
5359297794
2057461182
1479153675
7737237672
8726540005
8249212942
2288980655
6488635069
5494521908
2819559287
9195652751
4039675424
7222531452
6044488625
7051995457
1235738463
6584709315
2030562775
5559308459
9302395420
3377951017
7892757793
5902014992
5172421920
8433802784
1926424340
3287539200
4694738938
1789928512
