1210090
1812858
1286811
1233690
785257
982902
972830
1173122
1189527
872525
813401
1304821
1202680
1692280
353375
366471
727890
1254474
618109
1294617
1375411
284006
781085
1282951
906443
1389675
599582
564292
1120233
849411
1012601
1306422
976570
945032
1811555
896731
1003257
1902933
1183799
758822
1399331
1363741
1033125
876313
1353931
1440830
1330299
1530172
1280578
1038065
966363
1344630
948478
738778
1694472
1221602
527827
1091209
1164267
1492069
1276099
750375
1254159
772563
1156471
1512133
337797
927962
1859371
1027954
598479
1735218
1078636
1473504
1295396
856540
1395667
1357111
1493263
1125010
800539
1311789
887723
1003498
590871
936238
623133
641437
542529
1419340
1306636
485341
1732876
989533
1105551
508125
1039161
1646020
1117245
1052969
1173706
1418416
1328543
1403865
438944
868474
1503866
441811
1009320
612376
846104
1597969
1265005
1443754
1475325
380960
1080846
938735
1191613
956525
1042524
874458
958971
1359738
557655
651560
988377
1322783
759045
746570
1206562
1319186
1154281
829845
1025555
878378
739977
1006573
727088
1047491
1796046
1666443
1497303
1564413
1315659
640332
1654753
1313346
1372070
1735240
1228693
1494996
1221669
1434107
1330271
1164552
1624093
1401392
1341116
1877841
1111073
1065956
727785
936675
1193973
1744776
1205825
1517149
568337
1027043
1346617
1220472
772916
1106309
1206885
1258701
1073457
737906
1723945
864522
1188471
1589658
1369817
287740
662319
916157
835569
437598
1117150
957417
1343314
802588
1121511
265649
1798771
1020814
1506041
1207133
1620451
741096
1507472
922463
920594
832253
1357096
1365269
912600
1499102
702172
715192
1086191
977232
604152
685908
1033322
801433
1383518
628080
1504309
524743
747830
577875
1041178
1581483
883837
1090377
1712291
1598928
1604098
1235860
814957
559401
860459
906655
1693655
1282814
723699
1193069
540406
442883
812819
1104627
1123930
409853
1137156
1497180
989854
1398459
949947
1155569
554086
838892
1348012
461477
1238431
913419
1389400
1165275
1022001
1017046
1538744
1409870
1390792
804559
1326826
929903
1653721
1261225
1332116
1842848
1043413
1188591
1402935
1288455
960108
1483116
1270516
1627299
1147725
879997
1313633
996263
1161327
1913451
1030783
1492180
1300080
732851
298912
1777803
603170
1117641
1134232
952822
341680
1077683
1093918
1415291
990750
1919835
612592
1260592
677361
1059549
1512604
397467
1469864
1290210
1124677
1013029
1347248
1208641
1235503
1330284
515923
1147450
888247
934899
1201851
1363478
717237
554785
1628972
1407343
1665922
750708
850531
782040
485862
459452
878510
853961
803752
1364216
677756
1400306
1460776
1493307
386012
1170038
1238670
1486734
778299
566029
1372015
1248049
902437
911583
755389
1306464
1028220
1748703
1069587
1734908
706149
987347
1245258
1500720
1557642
1032149
1215041
1629795
1402671
1576565
1629119
1162317
1168994
1589086
758269
766765
852534
1398133
1020484
1342701
634451
1166837
1439713
926781
1162579
1818422
1233916
1950019
1192784
602368
615466
1057594
394978
273074
1483042
1915592
1384496
781359
763380
1381937
1076025
1081374
735718
856041
804229
813587
863238
1413766
1131560
510695
1375427
1431882
1134960
437433
805428
1656032
786308
1261419
900985
219260
627685
994026
1719041
1503330
896846
949455
883664
1740020
1423345
971689
506940
1031175
713737
1269683
1082344
285855
776187
1085378
575532
1124064
968006
1024511
1344687
1339410
1060773
1304420
1375471
995917
1378512
1098023
876572
781838
649391
691706
1453321
471324
1195906
1119264
1129154
1447741
1027397
911845
1381660
289407
1626336
889848
1324940
588821
597012
1084288
1352373
382861
997479
1285928
922380
898628
1083619
1429366
1189258
1536886
1196245
1291768
1510788
1518264
1284493
1232736
532120
1588200
1019110
1501408
1599793
1266901
1619985
1127770
1081259
1010373
1287005
1133170
1291270
1041503
1104156
1519174
960012
871548
373740
1884214
1554272
307303
1797140
964414
1337997
992907
1320897
1461470
1339002
764730
806147
905852
1316549
1188731
1000281
1570281
787727
1235882
796057
1471685
364192
1923987
1581985
1455936
1730668
1216092
1070661
1131889
1299395
1300470
830050
1140579
1240488
1117899
1230827
970743
1433118
545766
448816
1607065
1072192
811020
1005047
476902
1701741
1130477
1022552
1595596
1510981
1289642
1080644
420942
806408
1073215
1050836
954912
713090
1274382
926556
1015371
965827
1626449
902322
1375051
850148
1157252
1354787
1316950
882704
1486774
503205
1570576
828320
840497
859206
1251969
911672
1076573
1679429
626230
1663795
587655
1573824
1303449
750376
967330
1296041
1387620
711513
1439263
1008022
255275
1451350
391966
1153605
1395636
1195724
1142310
1019119
1686783
289244
943933
1032772
1245180
1848604
954401
1761190
500565
1232479
894558
1286781
1299516
1742301
1166666
938464
1181315
462424
1037149
1174746
702977
1748350
1097929
1040301
1293822
1675253
1421627
985628
1280356
1163163
1088596
1669852
1309494
1422463
1026710
805613
1132544
928629
655617
1396098
314844
1538484
1126744
1335391
619535
1937873
1152297
1358975
821309
858445
688815
286252
827130
1437057
972334
290397
1378396
1676149
465606
931829
853618
1150811
684124
1819972
948438
1421191
1596614
1628972
1039544
1529753
394947
1119415
1184459
1055749
1451174
716175
553464
1011351
901306
884854
1121637
1366371
1086511
847168
684361
1196295
1550887
634071
590746
1335844
603038
532764
1552335
1760271
420906
1268685
666953
1033113
849776
1697456
785803
886187
1341484
1540561
1087174
1599599
917250
1634875
372431
1317482
1616916
768578
801467
1311758
1006878
1320440
1377113
1275745
940542
1575016
1019200
1363499
1097892
335100
1139519
995501
1281806
874621
1125040
766996
1190717
978478
537791
1276213
910384
674650
1256763
734341
1165908
783486
810493
1311657
974528
722181
995616
611748
965674
1191209
768321
1219291
1122266
764691
666736
899612
1571608
622580
1674947
1588714
884105
954236
783018
1810003
358438
426010
1291746
1519772
1455340
1349217
1518713
826557
1091938
618390
1602392
1425278
889311
1103520
1156811
464843
853790
1179697
819627
877769
778514
785007
1270504
451530
748399
663624
361104
1418433
1013906
979596
835439
1069972
1121326
1524138
1813548
645039
1068105
1494169
888942
880682
1682598
616097
1069485
1299945
908374
1279274
820558
1474535
1303456
713396
565370
845415
1131730
905227
1097396
726591
940806
646147
1322875
932143
1353987
714560
1775402
820110
1563767
1317778
1072779
1041589
1406272
1055768
450098
1762979
730218
1435527
1637902
687400
827505
1048597
1070487
1409489
908420
1493523
818124
496214
757510
1305637
1315691
421445
871286
247770
869805
628835
1208664
1499778
810583
837410
1211274
1742636
1190692
699229
1332465
764466
1156081
1281505
1218631
1751769
1081839
519830
1130821
1248128
1214812
1265331
696445
1132340
790417
1239494
1266272
1106105
1725211
1117402
1425759
1074575
1249912
831782
1134635
1713344
853518
1287749
1154387
1669379
635454
1055777
1292670
1039696
1195272
1009653
1038237
1254081
921999
1606627
711654
1088962
929188
498759
938638
1284454
1105959
1068468
1329658
485846
1494208
967614
1830727
1258319
986028
1164660
1608309
1084671
712885
357655
1215232
605982
1556237
1235062
1080091
1173334
588870
542204
637879
813727
629422
1219635
1847412
966262
1842221
335884
1198360
953591
1202332
1541991
1420068
496476
799191
886320
1371871
1293375
467723
649566
1160702
1563826
1095704
1557699
1334669
981465
985022
1310012
958998
716196
1569604
1355608
1348460
1087806
788293
1051892
1461419
1223585
377660
1191554
1618056
845999
1281977
1552277
1535395
1167136
1167979
1036779
1396012
540331
691034
1314768
1395249
1075438
1336848
1675052
1762687
1203847
1282493
665011
1196210
1113799
799548
1266744
1215066
1312953
971598
1417656
443138
1147459
779799
