10328057668
13184411702
12438023152
10112247765
6211215559
12376058257
11519709925
16320018967
7075632941
16438974339
16782385665
12021291198
12079610171
12829802166
15162825232
15588480970
9876901653
7742877877
15648545467
12367335124
11650035758
13347904115
18424141944
10844581791
10709734110
12179025046
8543557358
13102203160
11585922964
9892903235
13599339329
15798573096
15634782399
3208307438
12198897515
10622428822
15630489128
5792349244
11701241722
10354164729
3697404110
11287117915
11554330593
12063397664
14452115746
8269061497
4883531044
11255543577
15559298390
14812636509
13071790726
15830375145
8648565762
6217510585
8509559276
6568547770
8296786357
13607269661
7691209083
12767042492
7312687485
6746754502
6746652373
7573889842
10500471043
11793076216
10502302515
11036629096
12539576994
9092119979
12682646568
10882512800
9256297545
17106282387
10148401564
7855112943
17621132849
11969936836
12057928550
12718153823
5976420554
10816274747
6026921929
16167680449
12016530552
4050224356
9756904418
5939417108
5807970795
10065165591
15518810123
12817096358
8652296460
16261044533
7333327782
9407073314
8331807315
11414993856
17370115475
10080680248
10586084644
13520337753
18813829154
8910506852
10009416725
15125604361
7998196097
9558383934
10944954433
9674412891
11485105055
4933775851
12179733872
11108675282
3570856068
16513348046
6561311808
9744481778
13864914865
7423155455
11247483156
10765333931
7833955587
6897287989
8998258245
15470481216
9240777629
11382412497
10485754984
7079463844
18324451152
13706784105
9945954051
11334420245
12513355494
14953125705
12909878096
16716069191
11314229399
9701560034
8017895577
13622183185
9014621428
8320664000
13625879518
13459530752
16275503076
13525391619
8868869602
12289557502
13881884184
10377586067
11872012038
7014861041
10467704280
8902038980
8073829580
13787761681
6781014759
12530130701
5171744582
11819302284
13683521461
11705511087
13888541156
6214290139
9519908682
10608963927
9708848646
4093641835
13734481896
9319644979
12112083833
5007403907
15466561686
12582854278
12450048474
19404725581
15081426570
15561302320
13339234466
4577257548
11013563670
8491075131
12481123953
14955558790
9030696370
14534306734
19039660937
9073384042
7232195302
14067228482
12192923496
10122484837
9949146761
12843823868
13516021277
16886031805
14361903758
15483161544
10940915455
12683776231
4867557898
16835888803
15666741103
7086920512
11874753239
5719449110
10476905222
13614902896
7021877520
10569160605
11108728440
15616994487
13388904494
11511238315
12229140743
14708182659
10060500859
11784429859
3436192154
14018224383
18728163787
8775770563
4314801892
7372345320
11021371743
10654630866
8807963674
17223622597
3987723609
15526872217
7165698253
16970169736
18642138153
11109645423
10568963469
15230405320
13945114120
14425186669
8352559089
9130909856
5944909260
12142469680
17896086048
16423914042
9449430648
9733020462
16383848909
9744594829
13958566790
10199901066
12474697091
10869993895
10134400902
18003235631
19874140535
8881151752
6038562242
11280848634
15176145312
5737752506
7008246336
19599685547
10244732838
14046008307
8852142142
12373643983
6856476411
8959954617
16295826660
16085981241
14871603996
15295894928
11933773431
9330305283
18507007823
12576079705
5958033171
7412809297
14421484603
10369432216
8051153215
8027893528
10265231506
10656993149
10081811614
15096713546
16155189123
8981547019
14151950106
8442325384
10901103081
13903624234
15676551285
7524894465
17637533874
13219736774
15194336751
13831322175
6954993274
13303194676
12084169100
12013099901
11755481298
10072668550
7201125316
13319043863
14288969130
4911921490
19090798267
6897482960
9274479631
10568800725
16063204707
8784955534
14337375548
5861021093
16682600760
14267909296
13525331832
7970507746
9334920313
12467250231
9366087620
8957037518
13991756335
7705452621
2374147677
13957410828
6585875728
12069168382
6752722463
12712237263
12476890326
15441921624
19027530978
12226397180
18656241359
13748904275
9177835925
16130520594
5893443851
15506857823
9456481525
11334368719
12542775636
15115914148
12236637909
10863053278
14488328286
9897972685
11785277307
18713627108
11814631520
7734929255
13278048271
7644364344
7981643621
12316211014
12380021803
5792232628
4845926258
14589220105
9800572943
11940809900
8551157586
11351616908
13529801504
7035706159
12425428587
16097520074
4057861827
9672906701
14952522170
7117734145
5744221760
9095503983
13903434081
9038427158
9634307173
6200015294
8779031607
8322789556
9108658187
13990054672
6041939854
9220465211
16114422269
12194095713
11256946035
10433699846
10482467752
11935749748
15931217296
3778307663
11202363529
8737462085
2848387043
7149100237
10969693727
12018809692
7872646651
9653375074
14680973233
11878723166
10626986627
7344271843
8473245074
14051966845
10506090844
6431751627
7874776709
10218812663
10804524680
11041196449
10063230935
10916132837
13442937917
3559357453
4829953227
11376379375
10423147589
6849910810
5869690685
13879514094
13900063685
14520319438
17941104694
8976003069
10039339586
16643262067
13889657613
3251543877
11259712871
13210096946
15476541369
14807923327
6310888462
2726025206
5683969692
8533120908
16374645895
12637747088
6173729053
7823662238
12533382491
10513011049
7897902798
17365710659
3824512288
6279601801
13259959640
11989102758
14118607355
11526530479
9598306627
3804340957
11375999390
12225654404
14188019150
8268612103
14476246467
4956034408
13568584310
6181712786
10902784586
12583384290
14121218455
10251834049
11869370577
9008422270
10255763554
10745621497
8919167552
15479536424
16227214712
10155541168
16091914430
6990640146
13369604423
8002416970
16475067552
12096590308
9650392409
15439645372
4458546851
13968184961
11879251755
18219420276
7427087593
8116302928
10993629824
6135551364
16589824532
9240589235
16562507578
9338075309
6973613470
16300603940
9465757638
14163106014
3765411231
6504996246
16646234429
11681803707
10170700213
9987353916
3997293001
13529709922
6869362515
16687718368
7890623012
9667070205
7455789512
9505520079
9557624421
6189611063
11239663189
5688672134
9398002622
17675203157
5300974826
18171270981
13845167467
15784048896
12353061296
8984578574
12653111183
18457001645
10983720776
13375061714
14425767676
10075060431
6410403127
16360059377
15105055740
8352141022
8653357261
13109202972
13794985668
12298210715
7175541999
14510932283
11661017611
15460415177
13591887438
6013340421
13901202636
15829057299
11265588334
14837081093
15928692223
7828631715
7799959696
12889303816
13508476256
11724949373
9339067910
10009159513
16562991608
16034569501
14537474360
10082576354
8926555004
19400548832
3690825309
14216035191
15942091712
10118288717
4093714786
11374746661
15624734827
6247954540
11583844096
12371707524
6819539851
10653759993
6211208656
16936447616
10239908704
8689587848
12454236839
14388406964
19442075332
6067766081
6686667171
6279701150
7728354487
12694989599
10883738383
7281264522
12731919311
11397202085
13659087569
10716565289
16986022078
14723758031
18180187550
11031679125
13056401815
8764154502
13958176678
11788718478
8435157997
9077619590
9169504962
7503211548
11849451988
11480216843
4449970491
15779607710
17043558540
10839767415
12433985828
9932111920
13837723277
11925658008
11590903466
15062830918
9761648210
10193887826
13394358196
11411643341
7327872387
8867233733
16819750415
12871061212
15736833303
12380035256
10716952703
8792755387
6492084146
10078096171
5233463101
6312493792
6976980001
11425578017
17281271569
4177821727
9409411140
5709172979
5520882229
6838879723
8040859313
12563683006
7288171091
10436180253
12192428585
9311709942
10023514016
13672211432
12519227147
7291030802
12952855913
14118777701
3417476276
7440558269
8194527781
9576526422
13422787090
12192018093
10289400546
7053889262
15811924037
5956866662
9974837428
17240303837
12738507060
17028483933
9136580265
14467726342
7512621812
14988675690
9367407954
5528562310
17325184750
4387970605
13054753697
9154777248
6488025036
8056978457
7348345259
12795447453
11593471490
7951998470
15241938734
9345306546
10418967523
9440679275
17352288438
8177523611
9789453950
12493544983
10904824381
12638595113
6026106141
3102941668
3707461544
4917263314
10214384218
9749903363
7007372166
11742264183
11686460250
14206773453
17377347294
6530446234
9518221981
11702967315
13890542503
4351068389
12555747444
11816797268
10833297553
6245873872
10874180140
14411744803
14549533043
13457928632
9527315650
6997081768
7918365416
13374830236
12413534278
10794989033
10398624958
5988638430
10701567266
12458196610
12068218303
11990357434
5873946104
5056048796
14553772268
16285882811
12262025044
12484736082
13664777498
6386017726
9189115523
12390684517
13999843735
11342380020
16467779324
15567931128
13387253989
6961786366
13550774696
8314062213
3641221514
6244716999
13293870665
10509758775
11957003892
6857987619
7978824717
6281789435
13606114016
5795140342
11601085334
7534909431
9376217388
13241171759
14670452803
5781639969
14636289875
12872631822
9991087992
9748538381
13594025583
7575127633
11192895031
11093900777
9090256779
9240489464
14556350438
17728932654
7940880228
15602169406
8381952359
7291477908
14982822243
12442121761
10119525019
17816167396
9969038463
11022285854
7152869736
8777471782
17637995996
11675339252
12084314491
12052015823
17127090599
10773992133
15611895331
10058148939
12126335486
8097722574
6968099158
5575000970
14824069988
11762404094
16326213793
7847154574
16237837205
5067024988
17639728382
11878543200
5353685038
13123511689
7457555680
18340375334
16589133572
11327931614
15993210717
11376771366
15310777081
12274218008
13796695446
11021684798
11414171531
18477970158
8165287030
8567257350
8323470762
3630911324
12899106503
13075993014
10342364395
15959646082
10594962359
8951173592
13003127795
13350698409
8748101783
9150530012
11188221420
9601323225
16026839471
5566467070
9534503933
11164636638
17647977332
13186941350
13372072365
5807868313
11171753031
11874793019
11951735581
9985273545
11846198228
5056243636
12366084939
10374494003
10298404972
7424952706
8300730464
9948286836
5351866032
9809236849
12170962467
13908712743
9997985861
10011920921
14355603707
14826262706
8406045573
6060815550
9055829315
12399072127
13177969379
12913340649
15328698548
6840262813
10454542101
13555187627
9214954397
12289603111
9531883386
14378832095
10968952552
5057996485
15927257444
11919083602
11228972261
6551640855
7042431059
3972327643
16140000295
10334795809
8572680101
13149467904
14484899342
13305347468
15401320268
8391964831
6179388708
4716634603
6631049344
9611886642
12977088140
4764125522
17556214729
9196306761
9822368026
12616255639
11839562338
6255085138
7366259764
6622924159
15196993905
7237175739
10388742874
12534345062
10800520825
9994597707
10733185993
7323932083
12131509157
11782609523
11220900212
9587163417
11958261807
7093261136
12079466818
16489953313
14357370828
18049474193
13801245190
6312960541
15216021788
10525563963
8564947422
12153562624
9810645653
15095583299
5719294084
7583470599
16099700888
8048956234
4053192690
15916473981
4548783498
15805223014
8990722210
13801618633
8047609228
11600592595
11711744809
13566138470
14553304297
10429161646
14606043278
13359376618
18083631282
13476594639
10208192102
7016024982
16098911942
14438085422
10514064563
11960330113
14067105188
15358023508
10654364967
8146344428
11562821767
10584436379
7638574360
3833254288
9461895733
14096066809
11679993026
12379418910
11477970807
7246241215
10435497322
6205446077
15118675254
11108230667
10349569569
5969626016
10622727683
18752225434
11558833713
11403454431
18937020417
9097480357
4958911753
14583330109
3559188997
15294937559
12849975408
10687351588
9220474305
10843284893
6666647950
9196649089
